Case No.	u10 (m/s)	T (C)	q* (W/m2)	tau (N/m2)	hb (m)	taut (s)	tauc (s)	Da
1	3.6	7.0	184	0.051	30	1419.3	188.4	7.5335
2	3.6	10.3	103	0.051	30	874.7	122.8	7.1229
3	3.6	10.3	184	0.051	30	1658.7	122.8	13.5070
4	3.6	13.6	-59	0.051	113	518.2	82.8	6.2588
5	3.6	13.6	103	0.051	30	847.4	82.8	10.2344
6	3.6	13.6	184	0.051	30	1689.5	82.8	20.4045
7	3.6	16.9	22	0.051	30	680.0	56.8	11.9723
8	3.6	20.2	22	0.051	30	693.4	41.5	16.7091
9	3.6	20.2	184	0.051	30	1423.9	41.5	34.3098
10	3.6	23.4	-59	0.051	30	517.8	30.8	16.8108
11	3.6	23.4	-59	0.051	72	508.4	30.8	16.5056
12	3.6	23.4	22	0.051	30	643.0	30.8	20.8768
13	3.6	23.4	103	0.051	30	698.8	30.8	22.6897
14	3.6	23.4	184	0.051	30	1358.6	30.8	44.1102
15	3.6	26.7	-59	0.051	30	525.1	23.5	22.3448
16	3.6	26.7	-59	0.051	72	521.1	23.5	22.1753
17	3.6	26.7	22	0.051	30	678.6	23.5	28.8748
18	3.6	26.7	22	0.051	72	649.6	23.5	27.6419
19	3.6	26.7	103	0.051	30	809.9	23.5	34.4621
20	3.6	26.7	184	0.051	30	1660.9	23.5	70.6759
21	3.6	30.0	22	0.051	30	609.8	18.4	33.1417
22	3.6	30.0	103	0.051	30	791.3	18.4	43.0043
23	3.6	30.0	184	0.051	30	1235.0	18.4	67.1193
24	4.8	3.7	103	0.051	30	521.4	299.4	1.7414
25	4.8	3.7	103	0.127	30	514.1	299.4	1.7170
26	4.8	3.7	184	0.051	30	801.2	299.4	2.6759
27	4.8	7.0	103	0.051	30	523.8	188.4	2.7805
28	4.8	7.0	184	0.051	30	825.5	188.4	4.3817
29	4.8	7.0	184	0.279	30	946.3	188.4	5.0229
30	4.8	10.3	-59	0.051	113	433.6	122.8	3.5312
31	4.8	10.3	103	0.051	30	532.6	122.8	4.3370
32	4.8	10.3	103	0.279	30	588.0	122.8	4.7885
33	4.8	10.3	184	0.051	30	700.5	122.8	5.7044
34	4.8	10.3	184	0.127	30	652.0	122.8	5.3098
35	4.8	13.6	-59	0.051	113	437.2	82.8	5.2803
36	4.8	13.6	22	0.051	30	537.1	82.8	6.4870
37	4.8	13.6	22	0.051	72	523.1	82.8	6.3178
38	4.8	13.6	103	0.051	30	530.1	82.8	6.4026
39	4.8	13.6	103	0.127	30	570.1	82.8	6.8847
40	4.8	13.6	103	0.203	30	1752.2	82.8	21.1620
41	4.8	13.6	184	0.051	30	520.7	82.8	6.2891
42	4.8	16.9	22	0.051	30	538.9	56.8	9.4876
43	4.8	16.9	22	0.051	72	529.2	56.8	9.3162
44	4.8	16.9	184	0.051	30	719.6	56.8	12.6696
45	4.8	20.2	22	0.051	30	528.9	41.5	12.7442
46	4.8	20.2	22	0.051	72	531.4	41.5	12.8057
47	4.8	20.2	103	0.051	30	534.6	41.5	12.8814
48	4.8	20.2	184	0.051	30	672.4	41.5	16.2026
49	4.8	23.4	-59	0.051	30	416.4	30.8	13.5208
50	4.8	23.4	-59	0.051	72	412.9	30.8	13.4073
51	4.8	23.4	22	0.051	30	514.4	30.8	16.7006
52	4.8	23.4	22	0.051	72	534.0	30.8	17.3391
53	4.8	23.4	103	0.051	30	524.9	30.8	17.0434
54	4.8	23.4	103	0.051	72	987.6	30.8	32.0658
55	4.8	23.4	184	0.051	30	516.5	30.8	16.7685
56	4.8	26.7	-59	0.051	30	425.8	23.5	18.1203
57	4.8	26.7	-59	0.051	72	431.4	23.5	18.3587
58	4.8	26.7	22	0.051	30	516.4	23.5	21.9764
59	4.8	26.7	22	0.051	72	507.4	23.5	21.5922
60	4.8	26.7	103	0.051	30	548.5	23.5	23.3385
61	4.8	26.7	103	0.051	72	632.3	23.5	26.9049
62	4.8	26.7	184	0.051	30	781.7	23.5	33.2648
63	4.8	30.0	-59	0.051	30	404.4	18.4	21.9759
64	4.8	30.0	22	0.051	30	523.5	18.4	28.4514
65	4.8	30.0	22	0.051	72	536.9	18.4	29.1811
66	4.8	30.0	103	0.051	30	531.9	18.4	28.9070
67	4.8	30.0	103	0.051	72	1121.9	18.4	60.9754
68	6.0	3.7	-141	0.127	30	387.7	299.4	1.2951
69	6.0	3.7	-141	0.127	72	372.9	299.4	1.2455
70	6.0	3.7	-59	0.051	30	399.0	299.4	1.3327
71	6.0	3.7	103	0.127	30	367.0	299.4	1.2257
72	6.0	3.7	184	0.051	30	454.2	299.4	1.5170
73	6.0	3.7	184	0.127	30	448.4	299.4	1.4975
74	6.0	7.0	-59	0.051	30	418.6	188.4	2.2217
75	6.0	7.0	-59	0.127	30	362.6	188.4	1.9249
76	6.0	7.0	103	0.051	30	454.1	188.4	2.4103
77	6.0	7.0	103	0.127	30	349.1	188.4	1.8530
78	6.0	7.0	184	0.051	30	450.8	188.4	2.3929
79	6.0	7.0	184	0.127	30	466.7	188.4	2.4774
80	6.0	10.3	-141	0.051	30	358.0	122.8	2.9154
81	6.0	10.3	-59	0.051	113	414.2	122.8	3.3730
82	6.0	10.3	-59	0.127	30	372.4	122.8	3.0324
83	6.0	10.3	22	0.127	30	367.8	122.8	2.9952
84	6.0	10.3	103	0.051	30	457.3	122.8	3.7240
85	6.0	10.3	103	0.127	30	444.7	122.8	3.6215
86	6.0	10.3	184	0.051	30	459.4	122.8	3.7414
87	6.0	10.3	184	0.127	30	407.3	122.8	3.3169
88	6.0	13.6	-141	0.051	113	351.6	82.8	4.2468
89	6.0	13.6	-141	0.127	72	373.7	82.8	4.5134
90	6.0	13.6	-59	0.051	72	455.5	82.8	5.5014
91	6.0	13.6	-59	0.127	30	368.4	82.8	4.4487
92	6.0	13.6	22	0.051	30	465.9	82.8	5.6267
93	6.0	13.6	22	0.051	72	448.0	82.8	5.4103
94	6.0	13.6	22	0.127	30	360.7	82.8	4.3557
95	6.0	13.6	22	0.127	72	1554.1	82.8	18.7693
96	6.0	13.6	103	0.051	30	458.7	82.8	5.5400
97	6.0	13.6	103	0.127	30	385.6	82.8	4.6571
98	6.0	13.6	184	0.051	30	446.4	82.8	5.3914
99	6.0	13.6	184	0.127	30	349.2	82.8	4.2173
100	6.0	16.9	-59	0.051	30	404.2	56.8	7.1161
101	6.0	16.9	-59	0.051	113	430.0	56.8	7.5700
102	6.0	16.9	22	0.051	30	459.3	56.8	8.0869
103	6.0	16.9	22	0.051	72	464.4	56.8	8.1759
104	6.0	16.9	22	0.051	113	462.8	56.8	8.1479
105	6.0	16.9	22	0.127	30	359.6	56.8	6.3315
106	6.0	16.9	103	0.051	30	456.6	56.8	8.0379
107	6.0	16.9	103	0.127	30	414.4	56.8	7.2964
108	6.0	16.9	184	0.051	30	447.0	56.8	7.8704
109	6.0	16.9	184	0.127	30	443.4	56.8	7.8068
110	6.0	20.2	-141	0.051	72	344.1	41.5	8.2921
111	6.0	20.2	-59	0.051	30	410.0	41.5	9.8793
112	6.0	20.2	-59	0.051	72	435.2	41.5	10.4879
113	6.0	20.2	-59	0.051	113	428.7	41.5	10.3296
114	6.0	20.2	-59	0.127	30	368.4	41.5	8.8765
115	6.0	20.2	-59	0.127	113	373.4	41.5	8.9987
116	6.0	20.2	22	0.051	30	443.0	41.5	10.6740
117	6.0	20.2	22	0.051	72	437.6	41.5	10.5447
118	6.0	20.2	22	0.051	113	439.1	41.5	10.5808
119	6.0	20.2	103	0.051	30	464.0	41.5	11.1812
120	6.0	20.2	103	0.127	30	350.8	41.5	8.4525
121	6.0	20.2	184	0.051	30	514.1	41.5	12.3881
122	6.0	20.2	184	0.127	30	568.3	41.5	13.6945
123	6.0	23.4	-222	0.051	113	356.3	30.8	11.5677
124	6.0	23.4	-141	0.051	30	353.4	30.8	11.4752
125	6.0	23.4	-141	0.051	72	345.0	30.8	11.2016
126	6.0	23.4	-59	0.051	30	418.1	30.8	13.5732
127	6.0	23.4	-59	0.051	72	395.5	30.8	12.8411
128	6.0	23.4	-59	0.051	113	397.0	30.8	12.8908
129	6.0	23.4	-59	0.051	155	426.5	30.8	13.8471
130	6.0	23.4	-59	0.127	72	360.9	30.8	11.7183
131	6.0	23.4	-59	0.127	113	500.5	30.8	16.2496
132	6.0	23.4	22	0.051	30	428.1	30.8	13.8990
133	6.0	23.4	22	0.051	72	462.4	30.8	15.0126
134	6.0	23.4	22	0.051	113	458.0	30.8	14.8714
135	6.0	23.4	103	0.051	30	476.0	30.8	15.4539
136	6.0	23.4	103	0.051	72	710.2	30.8	23.0586
137	6.0	23.4	103	0.127	30	379.8	30.8	12.3299
138	6.0	23.4	184	0.051	30	451.0	30.8	14.6432
139	6.0	26.7	-141	0.051	30	359.4	23.5	15.2940
140	6.0	26.7	-141	0.051	72	366.1	23.5	15.5789
141	6.0	26.7	-59	0.051	30	445.1	23.5	18.9408
142	6.0	26.7	-59	0.051	72	385.3	23.5	16.3963
143	6.0	26.7	-59	0.051	113	395.6	23.5	16.8349
144	6.0	26.7	-59	0.127	72	367.2	23.5	15.6271
145	6.0	26.7	22	0.051	30	443.5	23.5	18.8727
146	6.0	26.7	22	0.051	72	460.3	23.5	19.5884
147	6.0	26.7	22	0.051	113	456.9	23.5	19.4437
148	6.0	26.7	22	0.127	30	372.2	23.5	15.8362
149	6.0	26.7	103	0.051	30	462.0	23.5	19.6575
150	6.0	26.7	103	0.051	72	459.4	23.5	19.5510
151	6.0	26.7	103	0.051	113	3575.6	23.5	152.1546
152	6.0	26.7	103	0.127	30	397.8	23.5	16.9283
153	6.0	26.7	184	0.051	30	443.7	23.5	18.8803
154	6.0	26.7	184	0.051	72	1760.6	23.5	74.9210
155	6.0	30.0	-59	0.051	30	403.2	18.4	21.9122
156	6.0	30.0	22	0.051	30	468.4	18.4	25.4577
157	6.0	30.0	22	0.051	72	452.5	18.4	24.5920
158	6.0	30.0	22	0.051	113	451.8	18.4	24.5563
159	6.0	30.0	22	0.127	30	371.7	18.4	20.1986
160	6.0	30.0	103	0.051	30	457.3	18.4	24.8506
161	6.0	30.0	103	0.051	72	497.9	18.4	27.0609
162	6.0	30.0	103	0.051	113	2775.7	18.4	150.8541
163	7.2	0.5	103	0.127	30	301.0	482	0.6245
164	7.2	0.5	103	0.127	72	567.4	482	1.1771
165	7.2	0.5	184	0.127	30	347.9	482	0.7218
166	7.2	0.5	184	0.127	72	416.0	482	0.8631
167	7.2	3.7	-59	0.127	30	317.6	299.4	1.0608
168	7.2	3.7	-59	0.127	72	317.7	299.4	1.0611
169	7.2	3.7	-59	0.127	113	395.1	299.4	1.3196
170	7.2	3.7	-59	0.203	30	290.2	299.4	0.9693
171	7.2	3.7	-59	0.203	72	278.5	299.4	0.9303
172	7.2	3.7	103	0.127	30	321.7	299.4	1.0745
173	7.2	3.7	103	0.127	72	531.5	299.4	1.7751
174	7.2	3.7	184	0.127	30	329.8	299.4	1.1016
175	7.2	3.7	184	0.127	72	1077.2	299.4	3.5979
176	7.2	7.0	-222	0.127	30	320.9	188.4	1.7030
177	7.2	7.0	-59	0.051	30	384.3	188.4	2.0396
178	7.2	7.0	-59	0.127	30	314.1	188.4	1.6672
179	7.2	7.0	-59	0.127	72	312.7	188.4	1.6597
180	7.2	7.0	-59	0.127	113	318.8	188.4	1.6921
181	7.2	7.0	-59	0.127	155	311.1	188.4	1.6510
182	7.2	7.0	-59	0.203	30	290.1	188.4	1.5399
183	7.2	7.0	-59	0.203	72	306.6	188.4	1.6272
184	7.2	7.0	22	0.051	30	417.0	188.4	2.2132
185	7.2	7.0	22	0.051	72	411.2	188.4	2.1828
186	7.2	7.0	103	0.051	30	397.1	188.4	2.1075
187	7.2	7.0	103	0.127	30	301.9	188.4	1.6027
188	7.2	7.0	184	0.051	30	401.3	188.4	2.1299
189	7.2	7.0	184	0.127	30	311.4	188.4	1.6531
190	7.2	10.3	-222	0.127	30	327.1	122.8	2.6633
191	7.2	10.3	-141	0.051	30	341.1	122.8	2.7775
192	7.2	10.3	-141	0.127	30	319.5	122.8	2.6019
193	7.2	10.3	-141	0.127	113	315.5	122.8	2.5694
194	7.2	10.3	-59	0.051	30	432.2	122.8	3.5198
195	7.2	10.3	-59	0.051	113	403.2	122.8	3.2837
196	7.2	10.3	-59	0.127	30	319.9	122.8	2.6047
197	7.2	10.3	-59	0.127	72	320.6	122.8	2.6109
198	7.2	10.3	-59	0.127	155	314.1	122.8	2.5580
199	7.2	10.3	22	0.051	30	413.9	122.8	3.3702
200	7.2	10.3	22	0.127	30	325.0	122.8	2.6466
201	7.2	10.3	103	0.051	30	404.2	122.8	3.2917
202	7.2	10.3	103	0.127	30	315.0	122.8	2.5655
203	7.2	10.3	184	0.051	30	403.5	122.8	3.2855
204	7.2	10.3	184	0.127	30	307.2	122.8	2.5018
205	7.2	13.6	-222	0.127	72	323.3	82.8	3.9052
206	7.2	13.6	-141	0.051	72	368.7	82.8	4.4529
207	7.2	13.6	-141	0.127	72	311.7	82.8	3.7649
208	7.2	13.6	-141	0.127	155	320.9	82.8	3.8751
209	7.2	13.6	-59	0.051	30	378.9	82.8	4.5762
210	7.2	13.6	-59	0.051	72	406.4	82.8	4.9085
211	7.2	13.6	-59	0.127	30	311.6	82.8	3.7633
212	7.2	13.6	-59	0.127	72	316.5	82.8	3.8226
213	7.2	13.6	-59	0.127	113	312.8	82.8	3.7783
214	7.2	13.6	22	0.051	30	410.9	82.8	4.9631
215	7.2	13.6	22	0.051	72	413.2	82.8	4.9901
216	7.2	13.6	22	0.127	30	317.4	82.8	3.8333
217	7.2	13.6	22	0.127	72	379.0	82.8	4.5768
218	7.2	13.6	103	0.051	30	411.4	82.8	4.9685
219	7.2	13.6	103	0.127	30	311.3	82.8	3.7600
220	7.2	13.6	103	0.203	30	292.3	82.8	3.5298
221	7.2	13.6	184	0.051	30	398.6	82.8	4.8138
222	7.2	13.6	184	0.127	30	323.6	82.8	3.9082
223	7.2	16.9	-222	0.127	72	320.3	56.8	5.6386
224	7.2	16.9	-141	0.051	72	354.0	56.8	6.2325
225	7.2	16.9	-141	0.127	72	317.9	56.8	5.5970
226	7.2	16.9	-141	0.127	113	320.9	56.8	5.6500
227	7.2	16.9	-59	0.051	72	424.2	56.8	7.4675
228	7.2	16.9	-59	0.051	113	418.2	56.8	7.3632
229	7.2	16.9	-59	0.051	155	394.0	56.8	6.9362
230	7.2	16.9	-59	0.127	30	321.8	56.8	5.6661
231	7.2	16.9	-59	0.127	72	307.8	56.8	5.4188
232	7.2	16.9	-59	0.127	113	314.8	56.8	5.5423
233	7.2	16.9	-59	0.127	155	318.0	56.8	5.5985
234	7.2	16.9	22	0.051	30	412.1	56.8	7.2553
235	7.2	16.9	22	0.051	72	410.9	56.8	7.2336
236	7.2	16.9	22	0.051	113	409.6	56.8	7.2106
237	7.2	16.9	22	0.127	30	308.7	56.8	5.4351
238	7.2	16.9	22	0.127	72	315.0	56.8	5.5464
239	7.2	16.9	103	0.051	30	407.4	56.8	7.1726
240	7.2	16.9	103	0.127	30	309.5	56.8	5.4491
241	7.2	16.9	103	0.127	72	439.6	56.8	7.7388
242	7.2	16.9	184	0.051	30	397.1	56.8	6.9909
243	7.2	16.9	184	0.127	30	315.6	56.8	5.5569
244	7.2	20.2	-222	0.051	72	326.4	41.5	7.8652
245	7.2	20.2	-222	0.127	30	326.7	41.5	7.8711
246	7.2	20.2	-222	0.127	72	326.8	41.5	7.8745
247	7.2	20.2	-222	0.127	113	327.5	41.5	7.8920
248	7.2	20.2	-141	0.051	30	316.4	41.5	7.6231
249	7.2	20.2	-141	0.051	72	383.0	41.5	9.2286
250	7.2	20.2	-141	0.127	30	319.0	41.5	7.6858
251	7.2	20.2	-141	0.127	72	314.8	41.5	7.5860
252	7.2	20.2	-141	0.127	113	326.6	41.5	7.8688
253	7.2	20.2	-59	0.051	30	415.0	41.5	9.9997
254	7.2	20.2	-59	0.051	72	397.3	41.5	9.5742
255	7.2	20.2	-59	0.051	113	431.7	41.5	10.4014
256	7.2	20.2	-59	0.051	155	405.3	41.5	9.7655
257	7.2	20.2	-59	0.127	30	321.9	41.5	7.7556
258	7.2	20.2	-59	0.127	72	323.1	41.5	7.7844
259	7.2	20.2	-59	0.127	113	316.8	41.5	7.6330
260	7.2	20.2	-59	0.127	155	311.2	41.5	7.4991
261	7.2	20.2	22	0.051	30	410.8	41.5	9.8999
262	7.2	20.2	22	0.051	72	406.4	41.5	9.7922
263	7.2	20.2	22	0.051	113	405.3	41.5	9.7670
264	7.2	20.2	22	0.127	30	316.3	41.5	7.6227
265	7.2	20.2	22	0.127	72	297.5	41.5	7.1681
266	7.2	20.2	22	0.127	113	315.2	41.5	7.5957
267	7.2	20.2	103	0.051	30	404.8	41.5	9.7554
268	7.2	20.2	103	0.127	30	307.9	41.5	7.4203
269	7.2	20.2	184	0.051	30	401.4	41.5	9.6713
270	7.2	20.2	184	0.127	30	318.6	41.5	7.6760
271	7.2	23.4	-303	0.127	72	327.4	30.8	10.6310
272	7.2	23.4	-303	0.127	113	328.6	30.8	10.6677
273	7.2	23.4	-222	0.051	113	310.6	30.8	10.0836
274	7.2	23.4	-222	0.127	30	317.0	30.8	10.2911
275	7.2	23.4	-222	0.127	72	325.3	30.8	10.5624
276	7.2	23.4	-222	0.127	113	324.8	30.8	10.5440
277	7.2	23.4	-141	0.051	30	340.8	30.8	11.0665
278	7.2	23.4	-141	0.051	72	360.6	30.8	11.7090
279	7.2	23.4	-141	0.127	30	324.4	30.8	10.5316
280	7.2	23.4	-141	0.127	72	319.1	30.8	10.3606
281	7.2	23.4	-141	0.127	113	322.0	30.8	10.4556
282	7.2	23.4	-59	0.051	30	385.7	30.8	12.5232
283	7.2	23.4	-59	0.051	72	396.0	30.8	12.8586
284	7.2	23.4	-59	0.051	113	405.0	30.8	13.1496
285	7.2	23.4	-59	0.051	155	405.9	30.8	13.1771
286	7.2	23.4	-59	0.127	30	313.2	30.8	10.1675
287	7.2	23.4	-59	0.127	72	311.4	30.8	10.1103
288	7.2	23.4	-59	0.127	113	315.9	30.8	10.2576
289	7.2	23.4	22	0.051	30	414.2	30.8	13.4475
290	7.2	23.4	22	0.051	72	414.3	30.8	13.4529
291	7.2	23.4	22	0.051	113	398.9	30.8	12.9501
292	7.2	23.4	22	0.127	30	310.5	30.8	10.0827
293	7.2	23.4	22	0.127	72	334.4	30.8	10.8570
294	7.2	23.4	22	0.127	113	324.0	30.8	10.5181
295	7.2	23.4	103	0.051	30	409.8	30.8	13.3064
296	7.2	23.4	103	0.051	72	398.9	30.8	12.9518
297	7.2	23.4	103	0.127	30	317.5	30.8	10.3090
298	7.2	23.4	184	0.051	30	396.3	30.8	12.8659
299	7.2	23.4	184	0.127	30	315.2	30.8	10.2332
300	7.2	26.7	-222	0.051	72	309.1	23.5	13.1529
301	7.2	26.7	-141	0.051	72	338.5	23.5	14.4049
302	7.2	26.7	-141	0.127	72	326.0	23.5	13.8725
303	7.2	26.7	-59	0.051	30	388.8	23.5	16.5438
304	7.2	26.7	-59	0.051	72	397.7	23.5	16.9228
305	7.2	26.7	-59	0.051	113	394.4	23.5	16.7826
306	7.2	26.7	-59	0.127	30	312.6	23.5	13.3010
307	7.2	26.7	-59	0.127	72	308.6	23.5	13.1304
308	7.2	26.7	-59	0.203	30	295.1	23.5	12.5564
309	7.2	26.7	-59	0.279	30	322.1	23.5	13.7052
310	7.2	26.7	22	0.051	30	407.8	23.5	17.3528
311	7.2	26.7	22	0.051	72	408.2	23.5	17.3682
312	7.2	26.7	22	0.051	113	402.2	23.5	17.1167
313	7.2	26.7	22	0.127	30	318.6	23.5	13.5584
314	7.2	26.7	22	0.127	72	320.4	23.5	13.6331
315	7.2	26.7	22	0.127	113	323.2	23.5	13.7526
316	7.2	26.7	103	0.051	30	405.2	23.5	17.2434
317	7.2	26.7	103	0.051	72	411.2	23.5	17.4966
318	7.2	26.7	103	0.127	30	322.9	23.5	13.7388
319	7.2	26.7	103	0.127	72	307.6	23.5	13.0893
320	7.2	26.7	184	0.051	30	397.9	23.5	16.9313
321	7.2	30.0	-59	0.127	30	314.2	18.4	17.0785
322	7.2	30.0	22	0.051	30	417.3	18.4	22.6795
323	7.2	30.0	22	0.051	72	407.8	18.4	22.1606
324	7.2	30.0	22	0.051	113	403.0	18.4	21.9044
325	7.2	30.0	22	0.127	30	321.4	18.4	17.4664
326	7.2	30.0	22	0.127	72	308.9	18.4	16.7864
327	7.2	30.0	103	0.051	30	411.4	18.4	22.3607
328	7.2	30.0	103	0.051	72	407.2	18.4	22.1326
329	7.2	30.0	103	0.127	30	337.1	18.4	18.3223
330	8.3	0.5	-222	0.127	72	285.8	482	0.5930
331	8.3	0.5	-222	0.127	196	283.9	482	0.5890
332	8.3	0.5	-222	0.203	72	259.5	482	0.5384
333	8.3	0.5	-222	0.203	196	255.4	482	0.5299
334	8.3	0.5	-222	0.203	237	254.7	482	0.5283
335	8.3	0.5	-222	0.279	72	255.3	482	0.5296
336	8.3	0.5	-141	0.127	72	286.2	482	0.5938
337	8.3	0.5	-141	0.203	72	257.4	482	0.5339
338	8.3	0.5	-141	0.203	196	876.2	482	1.8179
339	8.3	0.5	-141	0.203	237	259.0	482	0.5374
340	8.3	0.5	-141	0.356	72	226.6	482	0.4701
341	8.3	0.5	-59	0.127	155	286.1	482	0.5936
342	8.3	0.5	-59	0.203	72	260.7	482	0.5410
343	8.3	0.5	-59	0.203	113	257.7	482	0.5347
344	8.3	0.5	-59	0.203	155	306.5	482	0.6359
345	8.3	0.5	22	0.203	113	299.1	482	0.6205
346	8.3	0.5	103	0.127	30	272.9	482	0.5662
347	8.3	0.5	103	0.127	72	429.3	482	0.8907
348	8.3	0.5	184	0.127	30	281.8	482	0.5847
349	8.3	0.5	184	0.127	72	368.2	482	0.7639
350	8.3	0.5	184	0.127	113	396.9	482	0.8234
351	8.3	0.5	184	0.127	155	471.0	482	0.9771
352	8.3	0.5	184	0.203	72	291.2	482	0.6041
353	8.3	3.7	-222	0.127	72	277.4	299.4	0.9265
354	8.3	3.7	-222	0.127	113	276.6	299.4	0.9238
355	8.3	3.7	-141	0.203	30	262.1	299.4	0.8754
356	8.3	3.7	-141	0.203	72	261.3	299.4	0.8729
357	8.3	3.7	-59	0.127	30	283.0	299.4	0.9451
358	8.3	3.7	-59	0.127	72	297.1	299.4	0.9924
359	8.3	3.7	-59	0.203	30	254.7	299.4	0.8506
360	8.3	3.7	-59	0.203	72	327.5	299.4	1.0939
361	8.3	3.7	22	0.127	113	273.1	299.4	0.9120
362	8.3	3.7	22	0.203	155	264.5	299.4	0.8833
363	8.3	3.7	103	0.127	30	275.1	299.4	0.9189
364	8.3	3.7	103	0.127	72	279.0	299.4	0.9320
365	8.3	3.7	103	0.127	113	293.3	299.4	0.9796
366	8.3	3.7	103	0.127	155	327.1	299.4	1.0924
367	8.3	3.7	103	0.127	196	278.0	299.4	0.9284
368	8.3	3.7	103	0.127	279	291.2	299.4	0.9726
369	8.3	3.7	103	0.203	72	269.7	299.4	0.9008
370	8.3	3.7	184	0.127	30	282.8	299.4	0.9446
371	8.3	3.7	184	0.127	72	347.1	299.4	1.1592
372	8.3	3.7	184	0.127	113	377.7	299.4	1.2614
373	8.3	3.7	184	0.127	155	983.2	299.4	3.2838
374	8.3	3.7	184	0.127	196	283.4	299.4	0.9465
375	8.3	3.7	184	0.127	237	1546.3	299.4	5.1645
376	8.3	3.7	184	0.127	279	283.0	299.4	0.9453
377	8.3	3.7	184	0.127	320	949.7	299.4	3.1719
378	8.3	3.7	184	0.203	72	500.1	299.4	1.6703
379	8.3	7.0	-222	0.127	30	286.6	188.4	1.5213
380	8.3	7.0	-222	0.127	72	283.8	188.4	1.5066
381	8.3	7.0	-222	0.203	113	256.3	188.4	1.3605
382	8.3	7.0	-141	0.203	72	256.4	188.4	1.3611
383	8.3	7.0	-141	0.279	30	248.3	188.4	1.3179
384	8.3	7.0	-59	0.127	30	285.7	188.4	1.5164
385	8.3	7.0	-59	0.127	72	273.5	188.4	1.4515
386	8.3	7.0	-59	0.127	113	290.1	188.4	1.5396
387	8.3	7.0	-59	0.127	155	273.0	188.4	1.4490
388	8.3	7.0	-59	0.203	30	251.8	188.4	1.3364
389	8.3	7.0	-59	0.203	72	247.0	188.4	1.3112
390	8.3	7.0	-59	0.203	113	327.0	188.4	1.7356
391	8.3	7.0	103	0.127	30	267.4	188.4	1.4195
392	8.3	7.0	103	0.127	72	360.4	188.4	1.9132
393	8.3	7.0	103	0.127	113	376.3	188.4	1.9971
394	8.3	7.0	103	0.127	196	274.7	188.4	1.4582
395	8.3	7.0	103	0.203	30	261.7	188.4	1.3892
396	8.3	7.0	103	0.203	72	264.5	188.4	1.4042
397	8.3	7.0	103	0.203	113	327.4	188.4	1.7379
398	8.3	7.0	103	0.203	155	280.4	188.4	1.4881
399	8.3	7.0	184	0.127	30	276.7	188.4	1.4685
400	8.3	7.0	184	0.127	72	275.2	188.4	1.4605
401	8.3	7.0	184	0.127	113	419.3	188.4	2.2254
402	8.3	7.0	184	0.203	30	272.9	188.4	1.4485
403	8.3	10.3	-303	0.127	30	284.2	122.8	2.3140
404	8.3	10.3	-222	0.127	30	288.9	122.8	2.3523
405	8.3	10.3	-222	0.127	72	284.8	122.8	2.3194
406	8.3	10.3	-141	0.127	30	298.3	122.8	2.4288
407	8.3	10.3	-59	0.127	30	276.3	122.8	2.2499
408	8.3	10.3	-59	0.127	72	278.7	122.8	2.2696
409	8.3	10.3	-59	0.127	113	287.3	122.8	2.3395
410	8.3	10.3	-59	0.127	155	282.7	122.8	2.3025
411	8.3	10.3	-59	0.127	196	275.5	122.8	2.2432
412	8.3	10.3	-59	0.203	72	286.6	122.8	2.3336
413	8.3	10.3	-59	0.203	113	253.6	122.8	2.0654
414	8.3	10.3	-59	0.203	155	284.6	122.8	2.3172
415	8.3	10.3	-59	0.203	196	745.9	122.8	6.0741
416	8.3	10.3	103	0.127	30	284.7	122.8	2.3184
417	8.3	10.3	103	0.127	72	459.1	122.8	3.7382
418	8.3	10.3	103	0.203	30	277.8	122.8	2.2622
419	8.3	10.3	103	0.203	72	307.0	122.8	2.5004
420	8.3	10.3	184	0.127	30	279.9	122.8	2.2796
421	8.3	10.3	184	0.127	72	455.8	122.8	3.7113
422	8.3	10.3	184	0.203	30	273.3	122.8	2.2252
423	8.3	10.3	184	0.203	72	298.6	122.8	2.4313
424	8.3	13.6	-384	0.127	72	285.5	82.8	3.4484
425	8.3	13.6	-303	0.127	30	291.0	82.8	3.5151
426	8.3	13.6	-303	0.127	72	288.0	82.8	3.4784
427	8.3	13.6	-303	0.203	72	248.7	82.8	3.0036
428	8.3	13.6	-222	0.127	30	276.9	82.8	3.3443
429	8.3	13.6	-222	0.127	72	279.9	82.8	3.3809
430	8.3	13.6	-141	0.127	30	284.9	82.8	3.4406
431	8.3	13.6	-141	0.127	72	280.8	82.8	3.3916
432	8.3	13.6	-141	0.127	113	279.1	82.8	3.3713
433	8.3	13.6	-141	0.127	155	279.4	82.8	3.3744
434	8.3	13.6	-141	0.127	196	277.1	82.8	3.3463
435	8.3	13.6	-141	0.203	30	253.7	82.8	3.0641
436	8.3	13.6	-141	0.203	72	259.5	82.8	3.1342
437	8.3	13.6	-141	0.203	113	248.0	82.8	2.9948
438	8.3	13.6	-141	0.203	155	256.5	82.8	3.0981
439	8.3	13.6	-59	0.127	30	279.6	82.8	3.3767
440	8.3	13.6	-59	0.127	72	276.3	82.8	3.3372
441	8.3	13.6	-59	0.127	113	281.0	82.8	3.3936
442	8.3	13.6	-59	0.127	155	277.7	82.8	3.3544
443	8.3	13.6	-59	0.127	196	278.7	82.8	3.3655
444	8.3	13.6	-59	0.203	72	277.2	82.8	3.3481
445	8.3	13.6	-59	0.203	113	272.2	82.8	3.2872
446	8.3	13.6	-59	0.203	155	259.1	82.8	3.1294
447	8.3	13.6	22	0.127	30	278.5	82.8	3.3633
448	8.3	13.6	22	0.127	72	278.7	82.8	3.3654
449	8.3	13.6	22	0.203	30	267.6	82.8	3.2318
450	8.3	13.6	22	0.203	72	709.1	82.8	8.5634
451	8.3	13.6	103	0.051	30	369.7	82.8	4.4648
452	8.3	13.6	103	0.127	30	279.3	82.8	3.3728
453	8.3	13.6	103	0.127	72	289.1	82.8	3.4916
454	8.3	13.6	103	0.203	30	264.2	82.8	3.1905
455	8.3	13.6	103	0.203	72	264.2	82.8	3.1911
456	8.3	13.6	184	0.127	30	303.1	82.8	3.6611
457	8.3	13.6	184	0.127	72	447.4	82.8	5.4036
458	8.3	13.6	184	0.203	72	314.7	82.8	3.8009
459	8.3	16.9	-384	0.127	30	287.1	56.8	5.0553
460	8.3	16.9	-303	0.127	30	285.1	56.8	5.0191
461	8.3	16.9	-303	0.127	72	279.9	56.8	4.9270
462	8.3	16.9	-222	0.127	72	283.0	56.8	4.9830
463	8.3	16.9	-222	0.127	113	285.7	56.8	5.0294
464	8.3	16.9	-141	0.127	30	284.3	56.8	5.0049
465	8.3	16.9	-141	0.127	72	288.3	56.8	5.0754
466	8.3	16.9	-141	0.127	113	288.8	56.8	5.0843
467	8.3	16.9	-141	0.127	155	276.3	56.8	4.8639
468	8.3	16.9	-141	0.203	72	258.1	56.8	4.5440
469	8.3	16.9	-141	0.203	113	260.0	56.8	4.5777
470	8.3	16.9	-59	0.051	113	377.2	56.8	6.6414
471	8.3	16.9	-59	0.127	30	281.7	56.8	4.9591
472	8.3	16.9	-59	0.127	72	273.9	56.8	4.8218
473	8.3	16.9	-59	0.127	113	282.1	56.8	4.9657
474	8.3	16.9	-59	0.127	155	275.9	56.8	4.8573
475	8.3	16.9	-59	0.203	113	261.8	56.8	4.6095
476	8.3	16.9	-59	0.203	155	322.9	56.8	5.6843
477	8.3	16.9	22	0.127	30	288.0	56.8	5.0697
478	8.3	16.9	103	0.051	30	375.0	56.8	6.6028
479	8.3	16.9	103	0.127	30	283.0	56.8	4.9825
480	8.3	16.9	184	0.127	30	287.2	56.8	5.0559
481	8.3	20.2	-465	0.127	72	290.3	41.5	6.9941
482	8.3	20.2	-384	0.127	30	296.4	41.5	7.1417
483	8.3	20.2	-384	0.127	72	297.9	41.5	7.1779
484	8.3	20.2	-384	0.127	113	290.4	41.5	6.9978
485	8.3	20.2	-303	0.127	72	289.2	41.5	6.9699
486	8.3	20.2	-303	0.127	113	285.2	41.5	6.8718
487	8.3	20.2	-303	0.203	30	264.0	41.5	6.3613
488	8.3	20.2	-222	0.127	30	297.2	41.5	7.1623
489	8.3	20.2	-222	0.127	72	285.9	41.5	6.8902
490	8.3	20.2	-222	0.127	113	286.0	41.5	6.8905
491	8.3	20.2	-141	0.051	30	348.1	41.5	8.3892
492	8.3	20.2	-141	0.051	72	361.6	41.5	8.7123
493	8.3	20.2	-141	0.127	30	284.1	41.5	6.8463
494	8.3	20.2	-141	0.127	72	278.7	41.5	6.7154
495	8.3	20.2	-141	0.127	113	278.0	41.5	6.6983
496	8.3	20.2	-59	0.051	72	365.9	41.5	8.8162
497	8.3	20.2	-59	0.051	113	366.6	41.5	8.8336
498	8.3	20.2	-59	0.127	30	279.7	41.5	6.7389
499	8.3	20.2	-59	0.127	72	300.4	41.5	7.2376
500	8.3	20.2	-59	0.127	113	279.0	41.5	6.7225
501	8.3	20.2	-59	0.127	155	276.4	41.5	6.6603
502	8.3	20.2	22	0.051	30	376.2	41.5	9.0652
503	8.3	20.2	22	0.051	72	374.1	41.5	9.0151
504	8.3	20.2	22	0.127	30	278.1	41.5	6.7022
505	8.3	20.2	22	0.127	72	285.7	41.5	6.8833
506	8.3	20.2	22	0.127	113	266.3	41.5	6.4171
507	8.3	20.2	103	0.127	30	286.5	41.5	6.9034
508	8.3	20.2	184	0.127	30	300.4	41.5	7.2375
509	8.3	23.4	-384	0.127	30	287.0	30.8	9.3193
510	8.3	23.4	-384	0.127	72	293.1	30.8	9.5160
511	8.3	23.4	-384	0.127	113	290.2	30.8	9.4225
512	8.3	23.4	-303	0.127	30	285.9	30.8	9.2827
513	8.3	23.4	-303	0.127	72	284.8	30.8	9.2477
514	8.3	23.4	-222	0.127	30	281.6	30.8	9.1413
515	8.3	23.4	-222	0.127	72	279.4	30.8	9.0724
516	8.3	23.4	-222	0.127	113	275.9	30.8	8.9576
517	8.3	23.4	-141	0.051	30	357.7	30.8	11.6131
518	8.3	23.4	-141	0.051	72	354.4	30.8	11.5069
519	8.3	23.4	-141	0.127	30	281.8	30.8	9.1482
520	8.3	23.4	-141	0.127	72	273.5	30.8	8.8807
521	8.3	23.4	-141	0.127	113	284.0	30.8	9.2218
522	8.3	23.4	-59	0.051	30	382.0	30.8	12.4014
523	8.3	23.4	-59	0.051	72	367.3	30.8	11.9250
524	8.3	23.4	-59	0.051	113	371.0	30.8	12.0469
525	8.3	23.4	-59	0.127	30	285.7	30.8	9.2765
526	8.3	23.4	-59	0.127	72	274.8	30.8	8.9230
527	8.3	23.4	-59	0.127	113	280.7	30.8	9.1140
528	8.3	23.4	22	0.051	30	374.3	30.8	12.1525
529	8.3	23.4	22	0.051	72	374.0	30.8	12.1441
530	8.3	23.4	22	0.127	30	279.1	30.8	9.0611
531	8.3	23.4	22	0.127	72	281.8	30.8	9.1487
532	8.3	23.4	22	0.127	113	285.3	30.8	9.2629
533	8.3	23.4	22	0.203	30	285.2	30.8	9.2601
534	8.3	23.4	103	0.051	30	372.6	30.8	12.0983
535	8.3	23.4	103	0.051	72	368.0	30.8	11.9484
536	8.3	23.4	103	0.127	30	305.1	30.8	9.9064
537	8.3	23.4	184	0.127	30	278.7	30.8	9.0489
538	8.3	26.7	-59	0.051	30	379.5	23.5	16.1499
539	8.3	26.7	-59	0.051	72	373.9	23.5	15.9107
540	8.3	26.7	-59	0.051	113	373.5	23.5	15.8949
541	8.3	26.7	-59	0.127	30	285.4	23.5	12.1433
542	8.3	26.7	-59	0.127	72	286.9	23.5	12.2094
543	8.3	26.7	-59	0.127	113	283.5	23.5	12.0657
544	8.3	26.7	22	0.051	30	368.1	23.5	15.6642
545	8.3	26.7	22	0.051	72	369.7	23.5	15.7324
546	8.3	26.7	22	0.127	30	282.4	23.5	12.0168
547	8.3	26.7	22	0.127	72	279.7	23.5	11.9042
548	8.3	26.7	22	0.127	113	310.4	23.5	13.2065
549	8.3	26.7	103	0.051	30	368.4	23.5	15.6771
550	8.3	26.7	103	0.051	72	368.3	23.5	15.6739
551	8.3	26.7	103	0.127	30	282.2	23.5	12.0067
552	8.3	26.7	103	0.127	72	316.2	23.5	13.4574
553	8.3	26.7	184	0.127	30	291.5	23.5	12.4049
554	8.3	30.0	-59	0.127	72	275.3	18.4	14.9646
555	8.3	30.0	22	0.051	30	370.0	18.4	20.1093
556	8.3	30.0	22	0.051	72	371.9	18.4	20.2103
557	8.3	30.0	22	0.127	30	279.8	18.4	15.2069
558	8.3	30.0	22	0.127	72	272.5	18.4	14.8119
559	8.3	30.0	103	0.051	30	379.4	18.4	20.6213
560	8.3	30.0	103	0.127	30	278.8	18.4	15.1500
561	9.5	0.5	-384	0.356	113	244.3	482	0.5068
562	9.5	0.5	-303	0.203	196	236.1	482	0.4897
563	9.5	0.5	-222	0.203	72	243.1	482	0.5043
564	9.5	0.5	-222	0.203	113	233.5	482	0.4845
565	9.5	0.5	-222	0.203	196	229.7	482	0.4766
566	9.5	0.5	-222	0.203	237	234.4	482	0.4864
567	9.5	0.5	-222	0.279	72	229.1	482	0.4753
568	9.5	0.5	-222	0.279	155	224.1	482	0.4649
569	9.5	0.5	-222	0.356	72	226.7	482	0.4703
570	9.5	0.5	-222	0.356	113	265.4	482	0.5506
571	9.5	0.5	-222	0.432	72	207.0	482	0.4294
572	9.5	0.5	-222	0.508	72	240.0	482	0.4979
573	9.5	0.5	-141	0.127	72	252.0	482	0.5228
574	9.5	0.5	-141	0.203	72	257.4	482	0.5340
575	9.5	0.5	-141	0.203	113	248.8	482	0.5161
576	9.5	0.5	-141	0.203	155	252.7	482	0.5242
577	9.5	0.5	-141	0.203	196	386.2	482	0.8012
578	9.5	0.5	-141	0.203	237	233.8	482	0.4851
579	9.5	0.5	-141	0.279	30	227.8	482	0.4725
580	9.5	0.5	-141	0.279	72	249.6	482	0.5179
581	9.5	0.5	-141	0.279	155	217.1	482	0.4504
582	9.5	0.5	-141	0.279	196	434.9	482	0.9024
583	9.5	0.5	-141	0.279	237	223.0	482	0.4626
584	9.5	0.5	-141	0.279	279	288.8	482	0.5991
585	9.5	0.5	-141	0.356	72	271.4	482	0.5631
586	9.5	0.5	-141	0.356	113	231.6	482	0.4805
587	9.5	0.5	-141	0.356	237	211.5	482	0.4389
588	9.5	0.5	-141	0.432	30	1041.2	482	2.1601
589	9.5	0.5	-141	0.432	72	239.6	482	0.4971
590	9.5	0.5	-141	0.508	72	273.0	482	0.5665
591	9.5	0.5	-141	0.584	72	326.7	482	0.6779
592	9.5	0.5	-141	0.660	72	209.0	482	0.4335
593	9.5	0.5	-141	0.737	72	208.2	482	0.4319
594	9.5	0.5	-59	0.127	72	257.8	482	0.5348
595	9.5	0.5	-59	0.127	113	259.8	482	0.5391
596	9.5	0.5	-59	0.127	155	262.3	482	0.5441
597	9.5	0.5	-59	0.127	196	250.4	482	0.5194
598	9.5	0.5	-59	0.203	30	224.2	482	0.4651
599	9.5	0.5	-59	0.203	72	235.3	482	0.4883
600	9.5	0.5	-59	0.203	113	252.5	482	0.5239
601	9.5	0.5	-59	0.203	155	304.7	482	0.6321
602	9.5	0.5	-59	0.203	196	252.7	482	0.5243
603	9.5	0.5	-59	0.203	237	230.3	482	0.4778
604	9.5	0.5	-59	0.279	30	219.6	482	0.4556
605	9.5	0.5	-59	0.279	72	267.4	482	0.5548
606	9.5	0.5	-59	0.279	113	224.9	482	0.4667
607	9.5	0.5	-59	0.279	155	218.2	482	0.4527
608	9.5	0.5	-59	0.279	196	1075.0	482	2.2303
609	9.5	0.5	-59	0.356	30	227.4	482	0.4717
610	9.5	0.5	22	0.127	113	245.1	482	0.5085
611	9.5	0.5	22	0.203	72	248.9	482	0.5164
612	9.5	0.5	22	0.203	113	254.4	482	0.5278
613	9.5	0.5	22	0.203	155	367.2	482	0.7617
614	9.5	0.5	103	0.127	30	246.6	482	0.5116
615	9.5	0.5	103	0.127	72	259.7	482	0.5388
616	9.5	0.5	103	0.203	30	227.5	482	0.4719
617	9.5	0.5	103	0.203	72	250.7	482	0.5200
618	9.5	0.5	184	0.127	30	249.6	482	0.5179
619	9.5	0.5	184	0.127	72	255.2	482	0.5295
620	9.5	0.5	184	0.127	113	550.5	482	1.1420
621	9.5	0.5	184	0.203	30	248.1	482	0.5147
622	9.5	0.5	184	0.203	72	277.6	482	0.5759
623	9.5	3.7	-303	0.127	113	256.9	299.4	0.8581
624	9.5	3.7	-303	0.203	72	231.1	299.4	0.7720
625	9.5	3.7	-303	0.203	113	246.6	299.4	0.8237
626	9.5	3.7	-222	0.127	72	254.6	299.4	0.8502
627	9.5	3.7	-222	0.127	113	255.8	299.4	0.8543
628	9.5	3.7	-222	0.203	72	247.8	299.4	0.8278
629	9.5	3.7	-222	0.279	30	541.5	299.4	1.8088
630	9.5	3.7	-222	0.279	72	241.6	299.4	0.8068
631	9.5	3.7	-222	0.279	237	222.9	299.4	0.7444
632	9.5	3.7	-222	0.279	279	217.0	299.4	0.7248
633	9.5	3.7	-222	0.279	320	213.1	299.4	0.7117
634	9.5	3.7	-222	0.356	196	279.9	299.4	0.9349
635	9.5	3.7	-141	0.127	113	247.9	299.4	0.8280
636	9.5	3.7	-141	0.203	30	236.1	299.4	0.7887
637	9.5	3.7	-141	0.203	72	248.6	299.4	0.8302
638	9.5	3.7	-141	0.203	113	234.2	299.4	0.7821
639	9.5	3.7	-141	0.203	155	227.8	299.4	0.7607
640	9.5	3.7	-141	0.203	196	228.5	299.4	0.7632
641	9.5	3.7	-141	0.203	237	229.9	299.4	0.7678
642	9.5	3.7	-141	0.203	279	229.2	299.4	0.7656
643	9.5	3.7	-141	0.279	30	224.6	299.4	0.7501
644	9.5	3.7	-141	0.279	72	234.6	299.4	0.7834
645	9.5	3.7	-141	0.279	155	238.7	299.4	0.7974
646	9.5	3.7	-141	0.279	196	215.3	299.4	0.7190
647	9.5	3.7	-141	0.279	237	234.3	299.4	0.7827
648	9.5	3.7	-141	0.279	279	224.3	299.4	0.7492
649	9.5	3.7	-141	0.356	196	1010.8	299.4	3.3760
650	9.5	3.7	-141	0.356	237	241.2	299.4	0.8055
651	9.5	3.7	-59	0.127	30	253.6	299.4	0.8469
652	9.5	3.7	-59	0.127	72	254.3	299.4	0.8492
653	9.5	3.7	-59	0.127	113	258.4	299.4	0.8630
654	9.5	3.7	-59	0.127	155	254.4	299.4	0.8496
655	9.5	3.7	-59	0.203	30	224.3	299.4	0.7490
656	9.5	3.7	-59	0.203	72	269.2	299.4	0.8990
657	9.5	3.7	-59	0.203	113	252.3	299.4	0.8426
658	9.5	3.7	-59	0.203	155	235.6	299.4	0.7869
659	9.5	3.7	-59	0.203	196	251.3	299.4	0.8393
660	9.5	3.7	-59	0.203	237	230.4	299.4	0.7697
661	9.5	3.7	-59	0.203	279	230.0	299.4	0.7681
662	9.5	3.7	-59	0.203	320	273.0	299.4	0.9117
663	9.5	3.7	-59	0.203	362	228.6	299.4	0.7635
664	9.5	3.7	-59	0.203	403	226.5	299.4	0.7567
665	9.5	3.7	-59	0.279	72	244.2	299.4	0.8156
666	9.5	3.7	-59	0.279	113	278.8	299.4	0.9313
667	9.5	3.7	-59	0.279	155	265.0	299.4	0.8851
668	9.5	3.7	-59	0.279	196	234.7	299.4	0.7841
669	9.5	3.7	-59	0.279	237	537.1	299.4	1.7940
670	9.5	3.7	22	0.127	113	289.3	299.4	0.9663
671	9.5	3.7	22	0.203	113	247.9	299.4	0.8281
672	9.5	3.7	22	0.203	155	338.3	299.4	1.1299
673	9.5	3.7	22	0.203	196	516.2	299.4	1.7240
674	9.5	3.7	22	0.279	155	458.7	299.4	1.5320
675	9.5	3.7	103	0.127	30	260.3	299.4	0.8695
676	9.5	3.7	103	0.127	72	252.3	299.4	0.8427
677	9.5	3.7	103	0.127	113	258.7	299.4	0.8641
678	9.5	3.7	103	0.203	30	223.1	299.4	0.7452
679	9.5	3.7	103	0.203	72	253.3	299.4	0.8462
680	9.5	3.7	103	0.203	113	268.9	299.4	0.8980
681	9.5	3.7	103	0.203	279	223.9	299.4	0.7479
682	9.5	3.7	184	0.127	30	299.0	299.4	0.9986
683	9.5	3.7	184	0.127	72	276.4	299.4	0.9233
684	9.5	3.7	184	0.127	113	251.6	299.4	0.8404
685	9.5	3.7	184	0.127	155	497.8	299.4	1.6626
686	9.5	3.7	184	0.127	196	378.2	299.4	1.2631
687	9.5	3.7	184	0.127	237	405.8	299.4	1.3555
688	9.5	3.7	184	0.203	30	278.3	299.4	0.9296
689	9.5	3.7	184	0.203	72	269.3	299.4	0.8994
690	9.5	3.7	184	0.203	113	267.9	299.4	0.8949
691	9.5	3.7	184	0.203	196	829.2	299.4	2.7695
692	9.5	7.0	-303	0.127	72	259.5	188.4	1.3773
693	9.5	7.0	-303	0.203	30	228.1	188.4	1.2107
694	9.5	7.0	-303	0.203	72	231.7	188.4	1.2296
695	9.5	7.0	-303	0.203	113	237.7	188.4	1.2618
696	9.5	7.0	-222	0.127	30	255.0	188.4	1.3535
697	9.5	7.0	-222	0.127	72	250.8	188.4	1.3310
698	9.5	7.0	-222	0.203	30	242.3	188.4	1.2861
699	9.5	7.0	-222	0.203	72	238.9	188.4	1.2681
700	9.5	7.0	-222	0.203	113	252.5	188.4	1.3402
701	9.5	7.0	-222	0.203	155	236.7	188.4	1.2561
702	9.5	7.0	-222	0.279	113	242.3	188.4	1.2863
703	9.5	7.0	-222	0.279	155	217.3	188.4	1.1532
704	9.5	7.0	-222	0.279	196	233.8	188.4	1.2410
705	9.5	7.0	-222	0.279	237	217.7	188.4	1.1553
706	9.5	7.0	-222	0.279	279	297.3	188.4	1.5778
707	9.5	7.0	-222	0.279	320	367.6	188.4	1.9512
708	9.5	7.0	-222	0.279	362	712.8	188.4	3.7837
709	9.5	7.0	-222	0.279	403	268.9	188.4	1.4272
710	9.5	7.0	-141	0.127	72	249.2	188.4	1.3225
711	9.5	7.0	-141	0.127	113	254.6	188.4	1.3516
712	9.5	7.0	-141	0.203	30	237.7	188.4	1.2618
713	9.5	7.0	-141	0.203	72	235.9	188.4	1.2521
714	9.5	7.0	-141	0.203	113	234.4	188.4	1.2440
715	9.5	7.0	-141	0.203	155	227.4	188.4	1.2072
716	9.5	7.0	-141	0.203	196	223.4	188.4	1.1856
717	9.5	7.0	-141	0.203	237	224.1	188.4	1.1893
718	9.5	7.0	-141	0.279	30	339.3	188.4	1.8012
719	9.5	7.0	-141	0.279	72	219.7	188.4	1.1664
720	9.5	7.0	-141	0.279	113	234.0	188.4	1.2421
721	9.5	7.0	-141	0.279	196	1338.3	188.4	7.1034
722	9.5	7.0	-141	0.279	237	241.1	188.4	1.2799
723	9.5	7.0	-141	0.279	279	257.5	188.4	1.3669
724	9.5	7.0	-141	0.356	196	217.0	188.4	1.1518
725	9.5	7.0	-141	0.356	237	724.0	188.4	3.8428
726	9.5	7.0	-59	0.127	30	251.0	188.4	1.3325
727	9.5	7.0	-59	0.127	72	274.1	188.4	1.4547
728	9.5	7.0	-59	0.127	113	254.0	188.4	1.3483
729	9.5	7.0	-59	0.127	155	243.5	188.4	1.2926
730	9.5	7.0	-59	0.127	196	248.2	188.4	1.3174
731	9.5	7.0	-59	0.203	30	236.5	188.4	1.2551
732	9.5	7.0	-59	0.203	72	303.2	188.4	1.6092
733	9.5	7.0	-59	0.203	113	235.9	188.4	1.2519
734	9.5	7.0	-59	0.203	155	237.4	188.4	1.2602
735	9.5	7.0	-59	0.203	196	288.0	188.4	1.5284
736	9.5	7.0	-59	0.203	237	541.1	188.4	2.8720
737	9.5	7.0	-59	0.203	279	485.1	188.4	2.5747
738	9.5	7.0	-59	0.203	320	229.6	188.4	1.2187
739	9.5	7.0	-59	0.203	362	229.5	188.4	1.2180
740	9.5	7.0	-59	0.203	403	229.5	188.4	1.2181
741	9.5	7.0	-59	0.279	72	261.5	188.4	1.3878
742	9.5	7.0	-59	0.279	113	285.4	188.4	1.5149
743	9.5	7.0	-59	0.279	155	226.4	188.4	1.2017
744	9.5	7.0	-59	0.279	196	270.5	188.4	1.4359
745	9.5	7.0	-59	0.279	237	227.5	188.4	1.2075
746	9.5	7.0	-59	0.279	279	939.3	188.4	4.9857
747	9.5	7.0	-59	0.279	320	243.9	188.4	1.2947
748	9.5	7.0	-59	0.279	362	1146.3	188.4	6.0844
749	9.5	7.0	22	0.127	113	329.1	188.4	1.7469
750	9.5	7.0	22	0.203	72	248.8	188.4	1.3204
751	9.5	7.0	22	0.203	113	308.7	188.4	1.6388
752	9.5	7.0	22	0.203	196	363.5	188.4	1.9297
753	9.5	7.0	22	0.279	155	257.6	188.4	1.3676
754	9.5	7.0	22	0.279	196	389.6	188.4	2.0677
755	9.5	7.0	103	0.127	30	254.1	188.4	1.3487
756	9.5	7.0	103	0.127	72	262.0	188.4	1.3906
757	9.5	7.0	103	0.127	113	287.9	188.4	1.5280
758	9.5	7.0	103	0.127	155	253.4	188.4	1.3448
759	9.5	7.0	103	0.203	30	269.7	188.4	1.4317
760	9.5	7.0	103	0.203	72	238.8	188.4	1.2675
761	9.5	7.0	103	0.203	113	358.3	188.4	1.9020
762	9.5	7.0	103	0.203	155	252.1	188.4	1.3379
763	9.5	7.0	103	0.203	237	240.8	188.4	1.2779
764	9.5	7.0	103	0.203	279	236.1	188.4	1.2533
765	9.5	7.0	103	0.279	72	267.6	188.4	1.4206
766	9.5	7.0	184	0.127	30	250.3	188.4	1.3287
767	9.5	7.0	184	0.127	72	330.9	188.4	1.7561
768	9.5	7.0	184	0.127	113	277.1	188.4	1.4708
769	9.5	7.0	184	0.127	196	253.4	188.4	1.3452
770	9.5	7.0	184	0.127	279	258.8	188.4	1.3735
771	9.5	7.0	184	0.203	30	237.2	188.4	1.2593
772	9.5	7.0	184	0.203	72	250.0	188.4	1.3267
773	9.5	7.0	184	0.203	113	312.2	188.4	1.6572
774	9.5	7.0	184	0.203	155	319.4	188.4	1.6954
775	9.5	7.0	184	0.203	320	837.6	188.4	4.4459
776	9.5	10.3	-384	0.203	72	228.0	122.8	1.8566
777	9.5	10.3	-303	0.127	72	266.7	122.8	2.1720
778	9.5	10.3	-303	0.203	30	236.1	122.8	1.9229
779	9.5	10.3	-303	0.203	72	235.7	122.8	1.9195
780	9.5	10.3	-303	0.203	113	233.5	122.8	1.9012
781	9.5	10.3	-303	0.279	113	234.7	122.8	1.9113
782	9.5	10.3	-222	0.203	30	228.3	122.8	1.8591
783	9.5	10.3	-222	0.279	403	254.7	122.8	2.0742
784	9.5	10.3	-141	0.127	72	248.8	122.8	2.0258
785	9.5	10.3	-141	0.203	72	259.1	122.8	2.1099
786	9.5	10.3	-141	0.203	113	240.0	122.8	1.9546
787	9.5	10.3	-141	0.203	155	240.4	122.8	1.9573
788	9.5	10.3	-141	0.203	196	226.0	122.8	1.8403
789	9.5	10.3	-141	0.203	237	354.3	122.8	2.8850
790	9.5	10.3	-141	0.279	113	266.8	122.8	2.1730
791	9.5	10.3	-141	0.279	155	229.0	122.8	1.8649
792	9.5	10.3	-59	0.127	30	257.1	122.8	2.0939
793	9.5	10.3	-59	0.127	72	256.7	122.8	2.0901
794	9.5	10.3	-59	0.127	113	251.8	122.8	2.0501
795	9.5	10.3	-59	0.127	155	271.6	122.8	2.2114
796	9.5	10.3	-59	0.127	196	245.2	122.8	1.9966
797	9.5	10.3	-59	0.203	30	238.0	122.8	1.9380
798	9.5	10.3	-59	0.203	72	233.3	122.8	1.8998
799	9.5	10.3	-59	0.203	113	267.0	122.8	2.1741
800	9.5	10.3	-59	0.203	155	261.8	122.8	2.1317
801	9.5	10.3	-59	0.203	196	443.6	122.8	3.6123
802	9.5	10.3	-59	0.203	237	333.4	122.8	2.7148
803	9.5	10.3	-59	0.203	279	233.3	122.8	1.8997
804	9.5	10.3	-59	0.203	320	419.4	122.8	3.4153
805	9.5	10.3	-59	0.279	113	273.5	122.8	2.2273
806	9.5	10.3	-59	0.279	237	900.6	122.8	7.3336
807	9.5	10.3	103	0.127	30	254.5	122.8	2.0726
808	9.5	10.3	103	0.127	72	253.5	122.8	2.0642
809	9.5	10.3	103	0.203	30	240.9	122.8	1.9615
810	9.5	10.3	103	0.203	72	308.8	122.8	2.5150
811	9.5	10.3	103	0.203	113	314.5	122.8	2.5610
812	9.5	10.3	103	0.203	155	246.3	122.8	2.0055
813	9.5	10.3	184	0.127	30	269.4	122.8	2.1936
814	9.5	10.3	184	0.127	72	407.4	122.8	3.3179
815	9.5	10.3	184	0.203	30	226.4	122.8	1.8433
816	9.5	10.3	184	0.203	72	266.1	122.8	2.1673
817	9.5	10.3	184	0.203	113	316.2	122.8	2.5751
818	9.5	13.6	-384	0.127	72	258.2	82.8	3.1189
819	9.5	13.6	-384	0.203	30	238.0	82.8	2.8739
820	9.5	13.6	-384	0.203	72	229.1	82.8	2.7675
821	9.5	13.6	-303	0.127	30	260.3	82.8	3.1437
822	9.5	13.6	-303	0.127	72	257.6	82.8	3.1110
823	9.5	13.6	-303	0.203	72	236.0	82.8	2.8507
824	9.5	13.6	-222	0.203	113	254.0	82.8	3.0681
825	9.5	13.6	-222	0.203	155	249.5	82.8	3.0128
826	9.5	13.6	-222	0.203	196	226.4	82.8	2.7339
827	9.5	13.6	-222	0.279	72	223.6	82.8	2.7002
828	9.5	13.6	-222	0.279	113	252.2	82.8	3.0461
829	9.5	13.6	-222	0.279	155	236.9	82.8	2.8605
830	9.5	13.6	-222	0.279	196	830.3	82.8	10.0276
831	9.5	13.6	-141	0.127	113	259.4	82.8	3.1330
832	9.5	13.6	-141	0.127	155	260.4	82.8	3.1450
833	9.5	13.6	-141	0.127	196	252.1	82.8	3.0443
834	9.5	13.6	-141	0.203	30	244.7	82.8	2.9555
835	9.5	13.6	-141	0.203	72	245.9	82.8	2.9695
836	9.5	13.6	-141	0.203	113	241.0	82.8	2.9107
837	9.5	13.6	-141	0.203	155	233.2	82.8	2.8170
838	9.5	13.6	-141	0.203	196	228.4	82.8	2.7581
839	9.5	13.6	-141	0.203	237	267.7	82.8	3.2325
840	9.5	13.6	-141	0.279	72	224.4	82.8	2.7096
841	9.5	13.6	-141	0.279	113	244.9	82.8	2.9578
842	9.5	13.6	-141	0.279	155	240.7	82.8	2.9065
843	9.5	13.6	-141	0.279	196	220.5	82.8	2.6626
844	9.5	13.6	-141	0.279	237	211.6	82.8	2.5560
845	9.5	13.6	-59	0.127	72	246.5	82.8	2.9768
846	9.5	13.6	-59	0.127	113	260.1	82.8	3.1413
847	9.5	13.6	-59	0.127	155	268.9	82.8	3.2479
848	9.5	13.6	-59	0.127	196	247.5	82.8	2.9891
849	9.5	13.6	-59	0.203	30	239.6	82.8	2.8935
850	9.5	13.6	-59	0.203	72	234.9	82.8	2.8364
851	9.5	13.6	-59	0.203	113	255.1	82.8	3.0813
852	9.5	13.6	-59	0.203	155	235.3	82.8	2.8422
853	9.5	13.6	-59	0.203	196	231.0	82.8	2.7896
854	9.5	13.6	-59	0.203	237	387.4	82.8	4.6786
855	9.5	13.6	22	0.127	30	249.6	82.8	3.0147
856	9.5	13.6	22	0.203	30	245.5	82.8	2.9647
857	9.5	13.6	22	0.203	72	379.7	82.8	4.5853
858	9.5	13.6	103	0.127	30	272.9	82.8	3.2963
859	9.5	13.6	103	0.127	72	303.6	82.8	3.6672
860	9.5	13.6	103	0.203	30	241.5	82.8	2.9166
861	9.5	13.6	103	0.203	72	264.1	82.8	3.1890
862	9.5	13.6	184	0.127	30	262.5	82.8	3.1704
863	9.5	13.6	184	0.127	72	292.4	82.8	3.5310
864	9.5	13.6	184	0.203	72	274.8	82.8	3.3194
865	9.5	16.9	-546	0.279	72	222.8	56.8	3.9219
866	9.5	16.9	-465	0.203	30	230.6	56.8	4.0602
867	9.5	16.9	-465	0.203	72	240.5	56.8	4.2339
868	9.5	16.9	-465	0.279	113	227.5	56.8	4.0057
869	9.5	16.9	-384	0.127	30	269.0	56.8	4.7365
870	9.5	16.9	-384	0.203	30	235.8	56.8	4.1520
871	9.5	16.9	-384	0.279	155	227.8	56.8	4.0103
872	9.5	16.9	-303	0.127	72	260.4	56.8	4.5849
873	9.5	16.9	-303	0.203	30	235.8	56.8	4.1510
874	9.5	16.9	-303	0.203	72	234.7	56.8	4.1312
875	9.5	16.9	-303	0.203	113	235.7	56.8	4.1491
876	9.5	16.9	-303	0.279	72	282.6	56.8	4.9753
877	9.5	16.9	-222	0.127	72	259.8	56.8	4.5734
878	9.5	16.9	-222	0.127	113	256.3	56.8	4.5126
879	9.5	16.9	-222	0.203	72	231.2	56.8	4.0711
880	9.5	16.9	-222	0.203	113	227.2	56.8	3.9996
881	9.5	16.9	-222	0.203	155	239.4	56.8	4.2144
882	9.5	16.9	-222	0.279	72	242.1	56.8	4.2631
883	9.5	16.9	-222	0.279	113	224.9	56.8	3.9594
884	9.5	16.9	-141	0.127	72	257.6	56.8	4.5360
885	9.5	16.9	-141	0.127	113	264.1	56.8	4.6490
886	9.5	16.9	-141	0.127	155	258.8	56.8	4.5557
887	9.5	16.9	-141	0.203	72	248.6	56.8	4.3773
888	9.5	16.9	-141	0.203	113	224.7	56.8	3.9567
889	9.5	16.9	-141	0.203	155	235.2	56.8	4.1412
890	9.5	16.9	-59	0.127	72	292.8	56.8	5.1544
891	9.5	16.9	-59	0.127	113	257.2	56.8	4.5286
892	9.5	16.9	-59	0.203	30	237.5	56.8	4.1807
893	9.5	16.9	-59	0.203	72	244.8	56.8	4.3093
894	9.5	16.9	-59	0.203	113	224.0	56.8	3.9433
895	9.5	16.9	-59	0.203	155	299.7	56.8	5.2765
896	9.5	16.9	22	0.127	30	256.0	56.8	4.5073
897	9.5	16.9	103	0.127	30	264.6	56.8	4.6583
898	9.5	20.2	-465	0.127	72	266.1	41.5	6.4125
899	9.5	20.2	-465	0.203	30	231.9	41.5	5.5873
900	9.5	20.2	-465	0.203	72	236.6	41.5	5.7019
901	9.5	20.2	-465	0.203	113	227.2	41.5	5.4749
902	9.5	20.2	-384	0.127	30	260.9	41.5	6.2859
903	9.5	20.2	-384	0.127	72	267.4	41.5	6.4439
904	9.5	20.2	-384	0.127	113	259.5	41.5	6.2527
905	9.5	20.2	-384	0.203	30	230.2	41.5	5.5480
906	9.5	20.2	-384	0.203	72	254.3	41.5	6.1274
907	9.5	20.2	-384	0.203	113	234.5	41.5	5.6504
908	9.5	20.2	-384	0.203	155	231.3	41.5	5.5727
909	9.5	20.2	-303	0.127	72	258.1	41.5	6.2192
910	9.5	20.2	-303	0.127	113	258.6	41.5	6.2324
911	9.5	20.2	-303	0.203	72	236.8	41.5	5.7069
912	9.5	20.2	-303	0.203	113	236.8	41.5	5.7069
913	9.5	20.2	-303	0.203	155	227.8	41.5	5.4891
914	9.5	20.2	-222	0.127	72	254.0	41.5	6.1208
915	9.5	20.2	-222	0.127	113	249.0	41.5	5.9995
916	9.5	20.2	-222	0.203	30	232.6	41.5	5.6038
917	9.5	20.2	-222	0.203	72	260.7	41.5	6.2814
918	9.5	20.2	-222	0.203	113	232.1	41.5	5.5927
919	9.5	20.2	-141	0.127	72	252.5	41.5	6.0833
920	9.5	20.2	-141	0.127	113	293.2	41.5	7.0655
921	9.5	20.2	-141	0.127	155	272.7	41.5	6.5706
922	9.5	20.2	-141	0.203	30	241.5	41.5	5.8199
923	9.5	20.2	-141	0.203	72	236.1	41.5	5.6893
924	9.5	20.2	-141	0.203	113	246.2	41.5	5.9331
925	9.5	20.2	-141	0.203	155	246.3	41.5	5.9341
926	9.5	20.2	-59	0.127	72	260.2	41.5	6.2706
927	9.5	20.2	-59	0.127	113	251.7	41.5	6.0656
928	9.5	20.2	-59	0.203	72	239.1	41.5	5.7606
929	9.5	20.2	-59	0.203	113	235.1	41.5	5.6653
930	9.5	20.2	22	0.127	30	258.2	41.5	6.2228
931	9.5	20.2	103	0.127	30	248.5	41.5	5.9883
932	9.5	23.4	-465	0.203	30	239.9	30.8	7.7901
933	9.5	23.4	-465	0.203	72	228.0	30.8	7.4034
934	9.5	23.4	-384	0.127	30	260.0	30.8	8.4405
935	9.5	23.4	-384	0.127	72	261.1	30.8	8.4758
936	9.5	23.4	-384	0.203	30	231.3	30.8	7.5103
937	9.5	23.4	-384	0.203	72	235.0	30.8	7.6307
938	9.5	23.4	-303	0.127	72	256.9	30.8	8.3405
939	9.5	23.4	-222	0.127	72	253.4	30.8	8.2268
940	9.5	23.4	-222	0.203	30	238.1	30.8	7.7314
941	9.5	23.4	-141	0.127	30	273.9	30.8	8.8923
942	9.5	23.4	-141	0.127	72	253.1	30.8	8.2170
943	9.5	23.4	-141	0.127	113	247.7	30.8	8.0409
944	9.5	23.4	-141	0.203	30	229.8	30.8	7.4612
945	9.5	23.4	-59	0.127	30	252.6	30.8	8.1998
946	9.5	23.4	-59	0.127	72	267.5	30.8	8.6861
947	9.5	23.4	-59	0.203	30	256.1	30.8	8.3150
948	9.5	23.4	22	0.127	30	258.3	30.8	8.3855
949	9.5	23.4	22	0.127	72	261.4	30.8	8.4865
950	9.5	23.4	22	0.203	30	249.2	30.8	8.0900
951	9.5	23.4	103	0.127	30	252.9	30.8	8.2102
952	9.5	23.4	103	0.203	30	245.1	30.8	7.9569
953	9.5	26.7	-141	0.127	30	253.4	23.5	10.7821
954	9.5	26.7	-59	0.127	30	255.1	23.5	10.8544
955	9.5	26.7	-59	0.127	72	254.5	23.5	10.8295
956	9.5	26.7	-59	0.203	30	242.8	23.5	10.3311
957	9.5	26.7	-59	0.203	72	239.8	23.5	10.2026
958	9.5	26.7	-59	0.279	30	211.2	23.5	8.9883
959	9.5	26.7	22	0.127	30	255.6	23.5	10.8770
960	9.5	26.7	22	0.127	72	255.3	23.5	10.8624
961	9.5	26.7	22	0.203	30	235.7	23.5	10.0290
962	9.5	26.7	22	0.203	72	233.5	23.5	9.9345
963	9.5	26.7	103	0.127	30	248.5	23.5	10.5729
964	9.5	26.7	103	0.127	72	254.2	23.5	10.8171
965	9.5	26.7	103	0.203	30	271.3	23.5	11.5444
966	9.5	26.7	103	0.203	72	250.8	23.5	10.6713
967	9.5	30.0	22	0.127	30	252.2	18.4	13.7085
968	9.5	30.0	22	0.127	72	249.4	18.4	13.5517
969	9.5	30.0	22	0.203	30	244.3	18.4	13.2774
970	9.5	30.0	103	0.127	30	255.5	18.4	13.8884
971	10.7	0.5	-384	0.279	196	194.6	482	0.4037
972	10.7	0.5	-384	0.279	237	198.3	482	0.4114
973	10.7	0.5	-303	0.203	113	211.7	482	0.4393
974	10.7	0.5	-303	0.203	196	213.8	482	0.4435
975	10.7	0.5	-303	0.203	237	207.1	482	0.4297
976	10.7	0.5	-303	0.279	113	208.6	482	0.4328
977	10.7	0.5	-303	0.279	196	229.8	482	0.4768
978	10.7	0.5	-303	0.279	237	211.5	482	0.4388
979	10.7	0.5	-222	0.203	72	213.3	482	0.4424
980	10.7	0.5	-222	0.203	113	219.4	482	0.4553
981	10.7	0.5	-222	0.203	196	211.9	482	0.4395
982	10.7	0.5	-222	0.203	237	208.1	482	0.4318
983	10.7	0.5	-222	0.279	72	259.5	482	0.5385
984	10.7	0.5	-222	0.279	113	221.2	482	0.4588
985	10.7	0.5	-222	0.279	237	211.0	482	0.4378
986	10.7	0.5	-222	0.279	279	191.2	482	0.3966
987	10.7	0.5	-141	0.203	30	211.2	482	0.4382
988	10.7	0.5	-141	0.203	72	244.5	482	0.5072
989	10.7	0.5	-141	0.203	113	225.7	482	0.4682
990	10.7	0.5	-141	0.203	155	233.1	482	0.4836
991	10.7	0.5	-141	0.203	196	223.8	482	0.4643
992	10.7	0.5	-141	0.279	72	227.4	482	0.4717
993	10.7	0.5	-141	0.279	113	256.6	482	0.5324
994	10.7	0.5	-141	0.279	155	230.1	482	0.4775
995	10.7	0.5	-141	0.279	196	195.2	482	0.4051
996	10.7	0.5	-141	0.279	279	196.3	482	0.4073
997	10.7	0.5	-141	0.356	72	217.3	482	0.4508
998	10.7	0.5	-141	0.356	113	224.0	482	0.4647
999	10.7	0.5	-141	0.356	196	190.1	482	0.3944
1000	10.7	0.5	-141	0.356	279	853.8	482	1.7713
1001	10.7	0.5	-141	0.584	72	190.8	482	0.3959
1002	10.7	0.5	-141	0.660	72	197.7	482	0.4102
1003	10.7	0.5	-59	0.203	30	229.6	482	0.4763
1004	10.7	0.5	-59	0.203	72	233.5	482	0.4845
1005	10.7	0.5	-59	0.203	113	251.7	482	0.5223
1006	10.7	0.5	-59	0.203	155	241.2	482	0.5004
1007	10.7	0.5	-59	0.203	196	202.6	482	0.4204
1008	10.7	0.5	-59	0.203	237	215.2	482	0.4465
1009	10.7	0.5	-59	0.279	30	208.3	482	0.4322
1010	10.7	0.5	-59	0.279	72	231.8	482	0.4809
1011	10.7	0.5	-59	0.279	113	222.9	482	0.4625
1012	10.7	0.5	-59	0.279	155	224.2	482	0.4652
1013	10.7	0.5	-59	0.279	196	1068.5	482	2.2169
1014	10.7	0.5	-59	0.356	30	237.2	482	0.4922
1015	10.7	0.5	-59	0.356	72	249.6	482	0.5178
1016	10.7	0.5	-59	0.356	113	217.9	482	0.4520
1017	10.7	3.7	-303	0.279	237	203.5	299.4	0.6796
1018	10.7	3.7	-222	0.203	30	218.0	299.4	0.7282
1019	10.7	3.7	-222	0.203	72	216.6	299.4	0.7233
1020	10.7	3.7	-222	0.203	113	205.4	299.4	0.6860
1021	10.7	3.7	-222	0.203	155	218.9	299.4	0.7310
1022	10.7	3.7	-222	0.279	113	233.2	299.4	0.7789
1023	10.7	3.7	-222	0.279	196	597.6	299.4	1.9960
1024	10.7	3.7	-222	0.279	237	233.8	299.4	0.7810
1025	10.7	3.7	-222	0.279	279	208.7	299.4	0.6971
1026	10.7	3.7	-222	0.279	320	201.0	299.4	0.6713
1027	10.7	3.7	-222	0.356	155	231.9	299.4	0.7746
1028	10.7	3.7	-222	0.356	196	201.6	299.4	0.6734
1029	10.7	3.7	-222	0.356	237	191.7	299.4	0.6403
1030	10.7	3.7	-222	0.356	279	202.0	299.4	0.6746
1031	10.7	3.7	-141	0.203	30	209.6	299.4	0.7000
1032	10.7	3.7	-141	0.203	72	260.7	299.4	0.8709
1033	10.7	3.7	-141	0.203	113	246.3	299.4	0.8225
1034	10.7	3.7	-141	0.203	155	229.6	299.4	0.7669
1035	10.7	3.7	-141	0.203	196	206.1	299.4	0.6885
1036	10.7	3.7	-141	0.203	237	212.9	299.4	0.7112
1037	10.7	3.7	-141	0.203	279	211.7	299.4	0.7072
1038	10.7	3.7	-141	0.279	30	206.1	299.4	0.6884
1039	10.7	3.7	-141	0.279	72	213.8	299.4	0.7139
1040	10.7	3.7	-141	0.279	113	211.3	299.4	0.7057
1041	10.7	3.7	-141	0.279	155	234.6	299.4	0.7837
1042	10.7	3.7	-141	0.279	196	197.6	299.4	0.6600
1043	10.7	3.7	-141	0.279	237	297.5	299.4	0.9937
1044	10.7	3.7	-141	0.356	196	310.5	299.4	1.0371
1045	10.7	3.7	-141	0.356	237	195.0	299.4	0.6512
1046	10.7	3.7	-141	0.356	279	213.7	299.4	0.7138
1047	10.7	3.7	-59	0.203	30	213.6	299.4	0.7135
1048	10.7	3.7	-59	0.203	72	264.2	299.4	0.8824
1049	10.7	3.7	-59	0.203	113	234.8	299.4	0.7842
1050	10.7	3.7	-59	0.203	155	231.8	299.4	0.7742
1051	10.7	3.7	-59	0.203	196	207.6	299.4	0.6933
1052	10.7	3.7	-59	0.203	237	223.8	299.4	0.7474
1053	10.7	3.7	-59	0.203	279	346.2	299.4	1.1564
1054	10.7	3.7	-59	0.203	320	205.4	299.4	0.6859
1055	10.7	3.7	-59	0.203	362	204.8	299.4	0.6839
1056	10.7	3.7	-59	0.203	403	207.5	299.4	0.6932
1057	10.7	3.7	-59	0.279	30	237.3	299.4	0.7926
1058	10.7	3.7	-59	0.279	72	226.7	299.4	0.7572
1059	10.7	3.7	-59	0.279	113	223.9	299.4	0.7479
1060	10.7	3.7	-59	0.279	155	255.9	299.4	0.8546
1061	10.7	3.7	-59	0.279	196	355.2	299.4	1.1863
1062	10.7	3.7	-59	0.279	237	197.1	299.4	0.6584
1063	10.7	3.7	-59	0.279	279	494.5	299.4	1.6516
1064	10.7	3.7	-59	0.279	320	200.5	299.4	0.6695
1065	10.7	3.7	-59	0.356	113	285.8	299.4	0.9547
1066	10.7	3.7	-59	0.356	155	227.5	299.4	0.7599
1067	10.7	3.7	22	0.203	113	218.7	299.4	0.7304
1068	10.7	3.7	22	0.203	155	238.1	299.4	0.7952
1069	10.7	3.7	22	0.279	113	235.1	299.4	0.7852
1070	10.7	3.7	22	0.279	155	257.3	299.4	0.8594
1071	10.7	3.7	103	0.203	30	228.5	299.4	0.7633
1072	10.7	3.7	103	0.203	72	248.9	299.4	0.8312
1073	10.7	3.7	103	0.279	72	231.8	299.4	0.7744
1074	10.7	3.7	184	0.127	72	250.5	299.4	0.8368
1075	10.7	3.7	184	0.203	30	222.0	299.4	0.7414
1076	10.7	3.7	184	0.203	72	343.3	299.4	1.1465
1077	10.7	7.0	-303	0.279	72	220.5	188.4	1.1703
1078	10.7	7.0	-303	0.279	113	237.7	188.4	1.2617
1079	10.7	7.0	-303	0.356	113	199.5	188.4	1.0587
1080	10.7	7.0	-222	0.203	30	216.8	188.4	1.1508
1081	10.7	7.0	-222	0.203	113	204.5	188.4	1.0854
1082	10.7	7.0	-222	0.203	155	234.4	188.4	1.2443
1083	10.7	7.0	-222	0.203	196	221.6	188.4	1.1760
1084	10.7	7.0	-222	0.203	237	208.1	188.4	1.1048
1085	10.7	7.0	-222	0.279	72	214.8	188.4	1.1400
1086	10.7	7.0	-222	0.279	113	211.3	188.4	1.1216
1087	10.7	7.0	-222	0.279	155	216.2	188.4	1.1473
1088	10.7	7.0	-222	0.279	196	203.5	188.4	1.0799
1089	10.7	7.0	-222	0.279	237	198.1	188.4	1.0516
1090	10.7	7.0	-222	0.279	279	202.3	188.4	1.0736
1091	10.7	7.0	-222	0.279	320	196.4	188.4	1.0425
1092	10.7	7.0	-222	0.279	362	202.9	188.4	1.0772
1093	10.7	7.0	-222	0.279	403	250.0	188.4	1.3268
1094	10.7	7.0	-222	0.356	196	197.5	188.4	1.0481
1095	10.7	7.0	-222	0.356	237	189.9	188.4	1.0080
1096	10.7	7.0	-222	0.356	279	398.7	188.4	2.1164
1097	10.7	7.0	-222	0.356	320	372.4	188.4	1.9766
1098	10.7	7.0	-222	0.356	362	417.5	188.4	2.2160
1099	10.7	7.0	-141	0.203	72	244.3	188.4	1.2966
1100	10.7	7.0	-141	0.203	113	244.4	188.4	1.2972
1101	10.7	7.0	-141	0.203	155	229.1	188.4	1.2161
1102	10.7	7.0	-141	0.203	196	210.7	188.4	1.1186
1103	10.7	7.0	-141	0.203	237	206.9	188.4	1.0983
1104	10.7	7.0	-141	0.203	279	201.8	188.4	1.0713
1105	10.7	7.0	-141	0.279	72	232.0	188.4	1.2316
1106	10.7	7.0	-141	0.279	113	219.1	188.4	1.1630
1107	10.7	7.0	-141	0.279	155	195.4	188.4	1.0373
1108	10.7	7.0	-141	0.279	196	203.3	188.4	1.0793
1109	10.7	7.0	-141	0.279	237	197.2	188.4	1.0466
1110	10.7	7.0	-141	0.279	279	317.5	188.4	1.6851
1111	10.7	7.0	-141	0.279	320	329.1	188.4	1.7466
1112	10.7	7.0	-141	0.279	362	194.2	188.4	1.0308
1113	10.7	7.0	-141	0.356	113	229.6	188.4	1.2187
1114	10.7	7.0	-141	0.356	155	218.9	188.4	1.1619
1115	10.7	7.0	-141	0.356	196	260.5	188.4	1.3828
1116	10.7	7.0	-141	0.356	237	191.7	188.4	1.0176
1117	10.7	7.0	-59	0.203	72	226.3	188.4	1.2014
1118	10.7	7.0	-59	0.203	113	219.3	188.4	1.1639
1119	10.7	7.0	-59	0.203	155	230.2	188.4	1.2218
1120	10.7	7.0	-59	0.203	196	208.6	188.4	1.1071
1121	10.7	7.0	-59	0.203	237	205.4	188.4	1.0900
1122	10.7	7.0	-59	0.203	279	208.9	188.4	1.1089
1123	10.7	7.0	-59	0.203	320	209.4	188.4	1.1113
1124	10.7	7.0	-59	0.203	362	207.0	188.4	1.0988
1125	10.7	7.0	-59	0.203	403	206.6	188.4	1.0966
1126	10.7	7.0	-59	0.279	72	289.7	188.4	1.5375
1127	10.7	7.0	-59	0.279	113	258.1	188.4	1.3701
1128	10.7	7.0	-59	0.279	155	223.9	188.4	1.1884
1129	10.7	7.0	-59	0.279	196	193.9	188.4	1.0290
1130	10.7	7.0	-59	0.279	237	202.7	188.4	1.0758
1131	10.7	7.0	-59	0.279	279	449.7	188.4	2.3870
1132	10.7	7.0	-59	0.279	320	209.4	188.4	1.1113
1133	10.7	7.0	-59	0.279	362	210.0	188.4	1.1145
1134	10.7	7.0	-59	0.279	403	249.0	188.4	1.3218
1135	10.7	7.0	22	0.203	155	315.9	188.4	1.6769
1136	10.7	7.0	22	0.279	155	256.7	188.4	1.3625
1137	10.7	7.0	103	0.203	30	211.1	188.4	1.1207
1138	10.7	7.0	103	0.203	72	239.6	188.4	1.2717
1139	10.7	7.0	103	0.203	113	237.5	188.4	1.2606
1140	10.7	7.0	103	0.279	30	846.1	188.4	4.4908
1141	10.7	7.0	103	0.279	72	276.7	188.4	1.4684
1142	10.7	7.0	184	0.203	72	327.0	188.4	1.7356
1143	10.7	10.3	-384	0.279	113	201.9	122.8	1.6438
1144	10.7	10.3	-303	0.279	113	227.8	122.8	1.8549
1145	10.7	10.3	-222	0.203	113	226.7	122.8	1.8461
1146	10.7	10.3	-222	0.279	72	211.0	122.8	1.7183
1147	10.7	10.3	-222	0.279	155	225.3	122.8	1.8345
1148	10.7	10.3	-222	0.279	320	248.7	122.8	2.0252
1149	10.7	10.3	-222	0.279	362	270.0	122.8	2.1991
1150	10.7	10.3	-222	0.279	403	235.1	122.8	1.9146
1151	10.7	10.3	-222	0.356	237	193.0	122.8	1.5720
1152	10.7	10.3	-222	0.356	279	203.1	122.8	1.6542
1153	10.7	10.3	-222	0.356	320	189.5	122.8	1.5434
1154	10.7	10.3	-222	0.356	362	267.5	122.8	2.1783
1155	10.7	10.3	-141	0.203	72	252.6	122.8	2.0569
1156	10.7	10.3	-141	0.203	113	261.4	122.8	2.1291
1157	10.7	10.3	-141	0.203	155	261.9	122.8	2.1326
1158	10.7	10.3	-141	0.203	196	209.4	122.8	1.7050
1159	10.7	10.3	-141	0.203	237	203.9	122.8	1.6607
1160	10.7	10.3	-141	0.203	279	214.3	122.8	1.7455
1161	10.7	10.3	-141	0.203	320	206.0	122.8	1.6773
1162	10.7	10.3	-141	0.203	362	210.5	122.8	1.7144
1163	10.7	10.3	-141	0.279	72	202.1	122.8	1.6458
1164	10.7	10.3	-141	0.279	113	223.3	122.8	1.8185
1165	10.7	10.3	-141	0.279	155	269.2	122.8	2.1922
1166	10.7	10.3	-141	0.279	196	206.4	122.8	1.6807
1167	10.7	10.3	-141	0.279	237	191.4	122.8	1.5585
1168	10.7	10.3	-141	0.279	279	198.2	122.8	1.6138
1169	10.7	10.3	-141	0.279	320	198.0	122.8	1.6122
1170	10.7	10.3	-141	0.279	362	320.2	122.8	2.6078
1171	10.7	10.3	-141	0.279	403	599.1	122.8	4.8786
1172	10.7	10.3	-141	0.356	113	202.7	122.8	1.6506
1173	10.7	10.3	-141	0.356	155	242.5	122.8	1.9744
1174	10.7	10.3	-141	0.356	196	194.8	122.8	1.5863
1175	10.7	10.3	-141	0.356	237	228.8	122.8	1.8633
1176	10.7	10.3	-59	0.203	30	211.5	122.8	1.7222
1177	10.7	10.3	-59	0.203	72	245.7	122.8	2.0009
1178	10.7	10.3	-59	0.203	113	213.7	122.8	1.7404
1179	10.7	10.3	-59	0.203	155	224.1	122.8	1.8249
1180	10.7	10.3	-59	0.203	196	213.6	122.8	1.7394
1181	10.7	10.3	-59	0.203	237	208.7	122.8	1.6998
1182	10.7	10.3	-59	0.203	279	206.3	122.8	1.6800
1183	10.7	10.3	-59	0.203	320	206.9	122.8	1.6849
1184	10.7	10.3	-59	0.203	362	212.5	122.8	1.7303
1185	10.7	10.3	-59	0.279	113	239.7	122.8	1.9521
1186	10.7	10.3	-59	0.279	155	254.4	122.8	2.0716
1187	10.7	10.3	-59	0.279	196	203.2	122.8	1.6544
1188	10.7	10.3	-59	0.279	237	217.1	122.8	1.7680
1189	10.7	10.3	-59	0.279	279	197.0	122.8	1.6041
1190	10.7	10.3	-59	0.279	320	405.1	122.8	3.2988
1191	10.7	10.3	-59	0.279	362	208.1	122.8	1.6949
1192	10.7	10.3	103	0.203	72	231.6	122.8	1.8861
1193	10.7	10.3	103	0.203	113	292.3	122.8	2.3803
1194	10.7	10.3	103	0.279	72	271.2	122.8	2.2085
1195	10.7	10.3	184	0.203	72	345.0	122.8	2.8092
1196	10.7	10.3	184	0.203	113	259.4	122.8	2.1124
1197	10.7	13.6	-465	0.279	113	210.5	82.8	2.5426
1198	10.7	13.6	-465	0.356	113	191.9	82.8	2.3172
1199	10.7	13.6	-384	0.203	113	191.9	82.8	2.3172
1200	10.7	13.6	-384	0.279	113	195.7	82.8	2.3632
1201	10.7	13.6	-384	0.356	113	265.5	82.8	3.2070
1202	10.7	13.6	-303	0.203	30	213.8	82.8	2.5821
1203	10.7	13.6	-303	0.203	72	235.9	82.8	2.8486
1204	10.7	13.6	-303	0.203	113	208.9	82.8	2.5228
1205	10.7	13.6	-222	0.203	113	231.3	82.8	2.7936
1206	10.7	13.6	-222	0.203	155	223.8	82.8	2.7024
1207	10.7	13.6	-222	0.279	72	218.5	82.8	2.6384
1208	10.7	13.6	-222	0.279	113	208.9	82.8	2.5230
1209	10.7	13.6	-222	0.279	155	233.0	82.8	2.8135
1210	10.7	13.6	-222	0.279	196	196.2	82.8	2.3692
1211	10.7	13.6	-222	0.279	237	198.5	82.8	2.3968
1212	10.7	13.6	-222	0.356	113	217.4	82.8	2.6257
1213	10.7	13.6	-222	0.356	155	202.7	82.8	2.4486
1214	10.7	13.6	-222	0.356	196	614.8	82.8	7.4251
1215	10.7	13.6	-141	0.203	72	227.0	82.8	2.7415
1216	10.7	13.6	-141	0.203	113	227.1	82.8	2.7431
1217	10.7	13.6	-141	0.203	155	249.7	82.8	3.0163
1218	10.7	13.6	-141	0.203	196	209.9	82.8	2.5354
1219	10.7	13.6	-141	0.203	237	273.8	82.8	3.3063
1220	10.7	13.6	-141	0.203	279	203.8	82.8	2.4610
1221	10.7	13.6	-141	0.279	113	247.9	82.8	2.9936
1222	10.7	13.6	-141	0.279	155	249.4	82.8	3.0125
1223	10.7	13.6	-141	0.279	196	287.0	82.8	3.4665
1224	10.7	13.6	-141	0.279	237	308.7	82.8	3.7284
1225	10.7	13.6	-141	0.279	279	218.2	82.8	2.6356
1226	10.7	13.6	-141	0.356	155	206.6	82.8	2.4949
1227	10.7	13.6	-141	0.356	237	229.0	82.8	2.7663
1228	10.7	13.6	-141	0.356	279	206.8	82.8	2.4981
1229	10.7	13.6	-59	0.127	113	251.9	82.8	3.0421
1230	10.7	13.6	-59	0.203	72	223.4	82.8	2.6979
1231	10.7	13.6	-59	0.203	113	272.4	82.8	3.2902
1232	10.7	13.6	-59	0.203	155	234.3	82.8	2.8292
1233	10.7	13.6	-59	0.203	196	214.7	82.8	2.5928
1234	10.7	13.6	-59	0.203	237	207.0	82.8	2.5003
1235	10.7	13.6	-59	0.279	113	283.5	82.8	3.4237
1236	10.7	13.6	-59	0.279	155	267.2	82.8	3.2269
1237	10.7	13.6	-59	0.279	196	915.0	82.8	11.0513
1238	10.7	13.6	103	0.203	72	293.5	82.8	3.5448
1239	10.7	16.9	-546	0.279	113	210.6	56.8	3.7071
1240	10.7	16.9	-465	0.203	72	225.4	56.8	3.9688
1241	10.7	16.9	-465	0.279	113	219.8	56.8	3.8705
1242	10.7	16.9	-384	0.203	72	223.0	56.8	3.9260
1243	10.7	16.9	-384	0.279	113	221.9	56.8	3.9062
1244	10.7	16.9	-384	0.279	155	209.4	56.8	3.6872
1245	10.7	16.9	-303	0.203	72	214.7	56.8	3.7804
1246	10.7	16.9	-303	0.279	72	251.2	56.8	4.4229
1247	10.7	16.9	-303	0.279	113	200.6	56.8	3.5314
1248	10.7	16.9	-222	0.203	72	233.9	56.8	4.1175
1249	10.7	16.9	-222	0.203	113	258.7	56.8	4.5550
1250	10.7	16.9	-222	0.279	72	229.8	56.8	4.0464
1251	10.7	16.9	-222	0.279	113	210.8	56.8	3.7114
1252	10.7	16.9	-222	0.279	155	222.4	56.8	3.9148
1253	10.7	16.9	-141	0.127	113	232.8	56.8	4.0978
1254	10.7	16.9	-141	0.203	72	224.5	56.8	3.9528
1255	10.7	16.9	-141	0.203	113	250.0	56.8	4.4011
1256	10.7	16.9	-141	0.203	155	272.6	56.8	4.7990
1257	10.7	16.9	-141	0.279	113	230.7	56.8	4.0616
1258	10.7	16.9	-141	0.279	155	247.5	56.8	4.3566
1259	10.7	16.9	-59	0.127	113	249.4	56.8	4.3906
1260	10.7	16.9	-59	0.203	72	241.9	56.8	4.2597
1261	10.7	16.9	-59	0.203	113	211.4	56.8	3.7216
1262	10.7	20.2	-546	0.203	113	215.6	41.5	5.1947
1263	10.7	20.2	-546	0.279	72	204.7	41.5	4.9320
1264	10.7	20.2	-546	0.279	113	209.2	41.5	5.0415
1265	10.7	20.2	-465	0.203	72	222.5	41.5	5.3608
1266	10.7	20.2	-465	0.203	113	208.4	41.5	5.0225
1267	10.7	20.2	-465	0.279	113	211.4	41.5	5.0951
1268	10.7	20.2	-465	0.279	155	216.6	41.5	5.2204
1269	10.7	20.2	-384	0.203	155	224.6	41.5	5.4130
1270	10.7	20.2	-384	0.279	113	207.9	41.5	5.0103
1271	10.7	20.2	-384	0.279	155	203.3	41.5	4.8981
1272	10.7	20.2	-303	0.203	113	216.1	41.5	5.2063
1273	10.7	20.2	-303	0.203	155	227.6	41.5	5.4839
1274	10.7	20.2	-303	0.279	72	205.1	41.5	4.9416
1275	10.7	20.2	-303	0.279	113	206.5	41.5	4.9758
1276	10.7	20.2	-222	0.203	72	229.0	41.5	5.5180
1277	10.7	20.2	-222	0.203	113	231.0	41.5	5.5674
1278	10.7	20.2	-222	0.203	155	219.2	41.5	5.2822
1279	10.7	20.2	-222	0.279	72	224.6	41.5	5.4130
1280	10.7	20.2	-141	0.127	113	234.7	41.5	5.6544
1281	10.7	20.2	-141	0.203	72	225.9	41.5	5.4439
1282	10.7	20.2	-141	0.203	113	221.5	41.5	5.3378
1283	10.7	20.2	-141	0.203	155	233.1	41.5	5.6160
1284	10.7	23.4	-465	0.203	72	230.9	30.8	7.4972
1285	10.7	23.4	103	0.279	30	207.5	30.8	6.7361
1286	10.7	23.4	103	0.279	72	273.0	30.8	8.8635
1287	10.7	26.7	-59	0.203	30	222.1	23.5	9.4526
1288	10.7	26.7	-59	0.279	30	325.6	23.5	13.8556
1289	10.7	26.7	22	0.203	30	242.3	23.5	10.3087
1290	10.7	26.7	22	0.203	72	246.5	23.5	10.4912
1291	10.7	26.7	103	0.203	30	215.5	23.5	9.1688
1292	10.7	26.7	103	0.203	72	225.9	23.5	9.6117
1293	10.7	26.7	103	0.279	72	261.9	23.5	11.1434
1294	11.9	0.5	-222	0.279	72	225.8	482	0.4685
1295	11.9	0.5	-222	0.279	113	223.4	482	0.4635
1296	11.9	0.5	-222	0.356	113	192.8	482	0.4000
1297	11.9	0.5	-141	0.279	72	212.7	482	0.4413
1298	11.9	0.5	-141	0.279	113	201.5	482	0.4181
1299	11.9	0.5	-141	0.279	155	250.8	482	0.5203
1300	11.9	0.5	-141	0.279	196	337.7	482	0.7006
1301	11.9	0.5	-141	0.279	237	188.4	482	0.3910
1302	11.9	0.5	-141	0.356	113	249.0	482	0.5166
1303	11.9	0.5	-59	0.203	72	219.7	482	0.4558
1304	11.9	0.5	-59	0.203	113	236.8	482	0.4913
1305	11.9	0.5	-59	0.279	72	214.5	482	0.4450
1306	11.9	0.5	-59	0.279	113	229.9	482	0.4769
1307	11.9	0.5	-59	0.279	155	210.0	482	0.4358
1308	11.9	0.5	-59	0.279	196	181.7	482	0.3770
1309	11.9	0.5	-59	0.356	72	208.1	482	0.4317
1310	11.9	0.5	-59	0.356	113	236.4	482	0.4904
1311	11.9	0.5	-59	0.356	155	215.6	482	0.4472
1312	11.9	0.5	-59	0.356	196	176.2	482	0.3657
1313	11.9	3.7	-303	0.279	237	180.8	299.4	0.6039
1314	11.9	3.7	-303	0.279	279	180.5	299.4	0.6030
1315	11.9	3.7	-303	0.279	320	218.0	299.4	0.7283
1316	11.9	3.7	-222	0.279	155	211.7	299.4	0.7069
1317	11.9	3.7	-222	0.279	196	193.1	299.4	0.6450
1318	11.9	3.7	-222	0.279	237	182.1	299.4	0.6082
1319	11.9	3.7	-222	0.279	279	186.2	299.4	0.6218
1320	11.9	3.7	-222	0.279	320	211.1	299.4	0.7052
1321	11.9	3.7	-222	0.356	155	276.2	299.4	0.9226
1322	11.9	3.7	-222	0.356	196	191.4	299.4	0.6391
1323	11.9	3.7	-222	0.356	279	807.9	299.4	2.6982
1324	11.9	3.7	-222	0.432	237	187.0	299.4	0.6245
1325	11.9	3.7	-141	0.203	113	211.0	299.4	0.7047
1326	11.9	3.7	-141	0.279	72	222.3	299.4	0.7425
1327	11.9	3.7	-141	0.279	113	204.7	299.4	0.6838
1328	11.9	3.7	-141	0.279	155	205.6	299.4	0.6866
1329	11.9	3.7	-141	0.279	196	186.1	299.4	0.6214
1330	11.9	3.7	-141	0.279	237	185.1	299.4	0.6182
1331	11.9	3.7	-141	0.279	279	180.9	299.4	0.6043
1332	11.9	3.7	-141	0.356	72	207.6	299.4	0.6935
1333	11.9	3.7	-141	0.356	113	241.8	299.4	0.8075
1334	11.9	3.7	-141	0.356	155	217.4	299.4	0.7263
1335	11.9	3.7	-141	0.356	196	188.5	299.4	0.6297
1336	11.9	3.7	-141	0.356	237	189.2	299.4	0.6319
1337	11.9	3.7	-141	0.356	279	180.6	299.4	0.6033
1338	11.9	3.7	-141	0.432	196	185.4	299.4	0.6193
1339	11.9	3.7	-141	0.432	237	189.9	299.4	0.6341
1340	11.9	3.7	-59	0.279	72	209.8	299.4	0.7009
1341	11.9	3.7	-59	0.279	113	233.6	299.4	0.7801
1342	11.9	3.7	-59	0.279	155	205.0	299.4	0.6847
1343	11.9	3.7	-59	0.279	196	202.1	299.4	0.6749
1344	11.9	3.7	-59	0.356	113	231.3	299.4	0.7725
1345	11.9	3.7	-59	0.356	155	198.9	299.4	0.6643
1346	11.9	3.7	-59	0.356	196	326.2	299.4	1.0896
1347	11.9	7.0	-303	0.356	113	216.5	188.4	1.1494
1348	11.9	7.0	-222	0.279	72	228.6	188.4	1.2133
1349	11.9	7.0	-222	0.279	113	192.5	188.4	1.0219
1350	11.9	7.0	-222	0.279	320	184.3	188.4	0.9781
1351	11.9	7.0	-222	0.356	113	230.4	188.4	1.2229
1352	11.9	7.0	-222	0.356	237	181.1	188.4	0.9611
1353	11.9	7.0	-222	0.356	279	185.0	188.4	0.9818
1354	11.9	7.0	-141	0.203	196	188.7	188.4	1.0015
1355	11.9	7.0	-141	0.279	72	234.8	188.4	1.2463
1356	11.9	7.0	-141	0.279	113	215.4	188.4	1.1434
1357	11.9	7.0	-141	0.279	155	206.4	188.4	1.0954
1358	11.9	7.0	-141	0.279	196	184.2	188.4	0.9777
1359	11.9	7.0	-141	0.279	237	197.0	188.4	1.0458
1360	11.9	7.0	-141	0.279	279	315.9	188.4	1.6766
1361	11.9	7.0	-141	0.279	320	177.0	188.4	0.9396
1362	11.9	7.0	-141	0.356	113	206.9	188.4	1.0981
1363	11.9	7.0	-141	0.356	155	243.2	188.4	1.2907
1364	11.9	7.0	-141	0.356	196	834.3	188.4	4.4283
1365	11.9	7.0	-141	0.356	237	465.1	188.4	2.4689
1366	11.9	7.0	-141	0.432	237	169.5	188.4	0.8997
1367	11.9	7.0	-59	0.203	196	204.5	188.4	1.0854
1368	11.9	7.0	-59	0.279	113	219.8	188.4	1.1667
1369	11.9	7.0	-59	0.279	155	241.2	188.4	1.2802
1370	11.9	7.0	-59	0.279	196	178.4	188.4	0.9470
1371	11.9	7.0	-59	0.279	237	180.7	188.4	0.9591
1372	11.9	7.0	-59	0.279	320	190.1	188.4	1.0089
1373	11.9	7.0	-59	0.356	113	228.2	188.4	1.2111
1374	11.9	7.0	-59	0.356	155	334.9	188.4	1.7778
1375	11.9	7.0	-59	0.356	196	212.5	188.4	1.1281
1376	11.9	7.0	103	0.279	72	205.6	188.4	1.0911
1377	11.9	10.3	-384	0.279	113	216.3	122.8	1.7612
1378	11.9	10.3	-303	0.279	30	190.2	122.8	1.5489
1379	11.9	10.3	-303	0.279	72	204.4	122.8	1.6646
1380	11.9	10.3	-303	0.279	113	194.2	122.8	1.5818
1381	11.9	10.3	-303	0.356	113	181.4	122.8	1.4774
1382	11.9	10.3	-303	0.356	155	201.6	122.8	1.6420
1383	11.9	10.3	-222	0.279	72	199.8	122.8	1.6267
1384	11.9	10.3	-222	0.279	113	191.0	122.8	1.5554
1385	11.9	10.3	-222	0.279	155	213.8	122.8	1.7413
1386	11.9	10.3	-222	0.356	113	203.3	122.8	1.6553
1387	11.9	10.3	-222	0.356	155	309.5	122.8	2.5203
1388	11.9	10.3	-222	0.356	237	183.8	122.8	1.4969
1389	11.9	10.3	-222	0.356	279	190.6	122.8	1.5517
1390	11.9	10.3	-222	0.356	320	169.6	122.8	1.3812
1391	11.9	10.3	-141	0.203	113	204.8	122.8	1.6676
1392	11.9	10.3	-141	0.203	196	189.4	122.8	1.5427
1393	11.9	10.3	-141	0.279	72	242.2	122.8	1.9725
1394	11.9	10.3	-141	0.279	113	190.6	122.8	1.5522
1395	11.9	10.3	-141	0.279	155	232.5	122.8	1.8935
1396	11.9	10.3	-141	0.279	196	201.8	122.8	1.6436
1397	11.9	10.3	-141	0.279	237	198.9	122.8	1.6201
1398	11.9	10.3	-141	0.279	279	179.9	122.8	1.4651
1399	11.9	10.3	-141	0.279	320	187.4	122.8	1.5259
1400	11.9	10.3	-141	0.279	362	361.9	122.8	2.9468
1401	11.9	10.3	-141	0.356	113	217.5	122.8	1.7709
1402	11.9	10.3	-141	0.356	155	200.9	122.8	1.6358
1403	11.9	10.3	-141	0.356	196	408.3	122.8	3.3246
1404	11.9	10.3	-141	0.356	237	199.3	122.8	1.6231
1405	11.9	10.3	-141	0.356	279	189.1	122.8	1.5403
1406	11.9	10.3	-141	0.432	196	263.8	122.8	2.1483
1407	11.9	10.3	-141	0.432	237	308.0	122.8	2.5081
1408	11.9	10.3	-59	0.203	155	265.5	122.8	2.1621
1409	11.9	10.3	-59	0.203	196	194.9	122.8	1.5871
1410	11.9	10.3	-59	0.279	113	184.4	122.8	1.5018
1411	11.9	10.3	-59	0.279	155	232.9	122.8	1.8964
1412	11.9	10.3	-59	0.279	196	210.5	122.8	1.7143
1413	11.9	10.3	-59	0.279	237	188.2	122.8	1.5325
1414	11.9	10.3	-59	0.356	196	191.2	122.8	1.5567
1415	11.9	10.3	-59	0.356	237	495.8	122.8	4.0377
1416	11.9	13.6	-384	0.279	72	212.8	82.8	2.5701
1417	11.9	13.6	-384	0.356	113	203.7	82.8	2.4598
1418	11.9	13.6	-384	0.356	155	194.2	82.8	2.3459
1419	11.9	13.6	-303	0.279	30	207.7	82.8	2.5079
1420	11.9	13.6	-303	0.279	72	242.8	82.8	2.9324
1421	11.9	13.6	-303	0.279	113	215.1	82.8	2.5978
1422	11.9	13.6	-303	0.356	113	198.2	82.8	2.3938
1423	11.9	13.6	-303	0.356	155	225.1	82.8	2.7184
1424	11.9	13.6	-303	0.356	196	179.8	82.8	2.1720
1425	11.9	13.6	-222	0.279	113	228.5	82.8	2.7601
1426	11.9	13.6	-222	0.279	155	213.8	82.8	2.5818
1427	11.9	13.6	-222	0.279	196	182.8	82.8	2.2081
1428	11.9	13.6	-222	0.279	237	232.2	82.8	2.8040
1429	11.9	13.6	-222	0.356	113	243.1	82.8	2.9358
1430	11.9	13.6	-222	0.356	155	207.7	82.8	2.5081
1431	11.9	13.6	-222	0.356	196	174.3	82.8	2.1047
1432	11.9	13.6	-222	0.356	237	200.1	82.8	2.4172
1433	11.9	13.6	-141	0.203	113	221.1	82.8	2.6707
1434	11.9	13.6	-141	0.203	155	200.0	82.8	2.4156
1435	11.9	13.6	-141	0.203	196	188.0	82.8	2.2703
1436	11.9	13.6	-141	0.203	237	190.1	82.8	2.2964
1437	11.9	13.6	-141	0.279	72	213.4	82.8	2.5774
1438	11.9	13.6	-141	0.279	155	231.7	82.8	2.7979
1439	11.9	13.6	-141	0.279	196	192.6	82.8	2.3265
1440	11.9	13.6	-141	0.279	237	206.4	82.8	2.4930
1441	11.9	13.6	-141	0.279	279	210.1	82.8	2.5376
1442	11.9	13.6	-141	0.279	320	233.6	82.8	2.8213
1443	11.9	13.6	-141	0.356	113	194.9	82.8	2.3535
1444	11.9	13.6	-141	0.356	155	209.2	82.8	2.5271
1445	11.9	13.6	-141	0.356	196	254.4	82.8	3.0729
1446	11.9	13.6	-141	0.356	237	234.1	82.8	2.8277
1447	11.9	13.6	-141	0.356	279	381.9	82.8	4.6120
1448	11.9	13.6	-59	0.203	155	233.3	82.8	2.8178
1449	11.9	13.6	-59	0.279	113	229.9	82.8	2.7762
1450	11.9	13.6	-59	0.279	155	222.3	82.8	2.6849
1451	11.9	13.6	-59	0.279	196	188.4	82.8	2.2753
1452	11.9	16.9	-465	0.279	113	234.2	56.8	4.1231
1453	11.9	16.9	-465	0.356	113	217.7	56.8	3.8326
1454	11.9	16.9	-384	0.203	72	208.5	56.8	3.6703
1455	11.9	16.9	-384	0.279	30	186.7	56.8	3.2868
1456	11.9	16.9	-384	0.279	72	229.6	56.8	4.0420
1457	11.9	16.9	-384	0.279	113	203.6	56.8	3.5845
1458	11.9	16.9	-384	0.356	113	191.4	56.8	3.3704
1459	11.9	16.9	-303	0.279	113	193.9	56.8	3.4142
1460	11.9	16.9	-303	0.279	155	221.4	56.8	3.8975
1461	11.9	16.9	-303	0.279	196	186.6	56.8	3.2846
1462	11.9	16.9	-303	0.356	113	219.9	56.8	3.8720
1463	11.9	16.9	-303	0.356	196	196.0	56.8	3.4502
1464	11.9	16.9	-222	0.203	72	220.8	56.8	3.8871
1465	11.9	16.9	-222	0.203	113	216.2	56.8	3.8070
1466	11.9	16.9	-222	0.203	155	244.1	56.8	4.2972
1467	11.9	16.9	-222	0.279	113	209.9	56.8	3.6956
1468	11.9	16.9	-222	0.279	155	208.5	56.8	3.6716
1469	11.9	16.9	-222	0.279	196	189.4	56.8	3.3337
1470	11.9	16.9	-222	0.356	113	210.0	56.8	3.6978
1471	11.9	16.9	-141	0.203	113	214.8	56.8	3.7810
1472	11.9	16.9	-141	0.203	155	238.8	56.8	4.2049
1473	11.9	16.9	-141	0.279	155	218.7	56.8	3.8508
1474	11.9	20.2	-546	0.279	72	213.6	41.5	5.1477
1475	11.9	20.2	-546	0.279	113	208.4	41.5	5.0208
1476	11.9	20.2	-465	0.279	72	202.0	41.5	4.8672
1477	11.9	20.2	-465	0.279	113	200.7	41.5	4.8372
1478	11.9	20.2	-465	0.279	155	200.9	41.5	4.8412
1479	11.9	20.2	-384	0.203	113	199.3	41.5	4.8024
1480	11.9	20.2	-384	0.279	113	229.0	41.5	5.5169
1481	11.9	20.2	-303	0.279	113	208.0	41.5	5.0127
1482	11.9	20.2	-222	0.203	113	224.8	41.5	5.4160
1483	11.9	20.2	-222	0.203	155	215.9	41.5	5.2035
1484	11.9	20.2	-222	0.203	196	194.6	41.5	4.6895
1485	11.9	20.2	-222	0.279	155	199.7	41.5	4.8123
1486	11.9	20.2	-222	0.279	196	191.6	41.5	4.6179
1487	11.9	20.2	-141	0.203	113	224.7	41.5	5.4149
1488	11.9	20.2	-141	0.203	155	213.3	41.5	5.1388
1489	11.9	23.4	103	0.279	30	195.9	30.8	6.3617
1490	11.9	26.7	22	0.279	30	197.5	23.5	8.4025
1491	11.9	26.7	22	0.279	72	212.8	23.5	9.0546
1492	11.9	26.7	103	0.203	30	219.5	23.5	9.3388
1493	11.9	26.7	103	0.203	72	210.6	23.5	8.9608
1494	11.9	26.7	103	0.279	30	226.8	23.5	9.6491
1495	11.9	26.7	103	0.279	72	242.2	23.5	10.3070
1496	11.9	26.7	103	0.356	30	190.3	23.5	8.0960
1497	13.1	0.5	-141	0.356	72	200.2	482	0.4154
1498	13.1	3.7	-222	0.279	155	188.2	299.4	0.6286
1499	13.1	3.7	-222	0.356	113	194.3	299.4	0.6488
1500	13.1	3.7	-222	0.356	279	188.7	299.4	0.6303
1501	13.1	3.7	-222	0.356	320	172.9	299.4	0.5773
1502	13.1	3.7	-222	0.432	237	171.8	299.4	0.5738
1503	13.1	3.7	-222	0.432	279	179.3	299.4	0.5989
1504	13.1	3.7	-222	0.508	237	381.6	299.4	1.2746
1505	13.1	3.7	-141	0.279	72	188.6	299.4	0.6301
1506	13.1	3.7	-141	0.279	113	203.0	299.4	0.6781
1507	13.1	3.7	-141	0.279	155	178.7	299.4	0.5968
1508	13.1	3.7	-141	0.356	72	206.2	299.4	0.6886
1509	13.1	3.7	-141	0.356	113	185.1	299.4	0.6184
1510	13.1	3.7	-141	0.356	196	160.6	299.4	0.5365
1511	13.1	3.7	-141	0.356	320	631.5	299.4	2.1094
1512	13.1	3.7	-59	0.279	113	217.3	299.4	0.7257
1513	13.1	7.0	-222	0.356	113	190.6	188.4	1.0118
1514	13.1	7.0	-141	0.356	72	192.2	188.4	1.0200
1515	13.1	7.0	-141	0.356	113	244.0	188.4	1.2953
1516	13.1	7.0	-141	0.356	155	200.6	188.4	1.0646
1517	13.1	7.0	-141	0.356	196	176.7	188.4	0.9377
1518	13.1	7.0	-141	0.356	237	199.9	188.4	1.0610
1519	13.1	7.0	-141	0.432	196	220.5	188.4	1.1701
1520	13.1	7.0	-141	0.432	237	219.9	188.4	1.1670
1521	13.1	7.0	-59	0.356	113	196.5	188.4	1.0429
1522	13.1	10.3	-303	0.279	113	184.2	122.8	1.4998
1523	13.1	10.3	-303	0.356	113	205.1	122.8	1.6706
1524	13.1	10.3	-222	0.279	113	192.4	122.8	1.5667
1525	13.1	10.3	-222	0.356	72	201.2	122.8	1.6386
1526	13.1	10.3	-222	0.356	113	208.3	122.8	1.6963
1527	13.1	10.3	-222	0.356	155	217.8	122.8	1.7733
1528	13.1	10.3	-222	0.356	196	190.5	122.8	1.5512
1529	13.1	10.3	-222	0.432	155	176.2	122.8	1.4351
1530	13.1	10.3	-141	0.279	237	190.3	122.8	1.5497
1531	13.1	10.3	-141	0.356	113	187.7	122.8	1.5288
1532	13.1	10.3	-141	0.356	155	203.0	122.8	1.6532
1533	13.1	10.3	-141	0.356	196	201.6	122.8	1.6419
1534	13.1	10.3	-141	0.356	237	189.4	122.8	1.5421
1535	13.1	10.3	-141	0.356	279	164.5	122.8	1.3395
1536	13.1	10.3	-141	0.432	155	198.6	122.8	1.6170
1537	13.1	10.3	-141	0.432	237	196.8	122.8	1.6028
1538	13.1	10.3	-59	0.279	196	197.0	122.8	1.6046
1539	13.1	10.3	-59	0.356	196	180.9	122.8	1.4729
1540	13.1	13.6	-303	0.279	113	196.9	82.8	2.3785
1541	13.1	13.6	-303	0.356	72	213.6	82.8	2.5802
1542	13.1	13.6	-303	0.356	113	187.0	82.8	2.2583
1543	13.1	13.6	-303	0.356	155	192.8	82.8	2.3282
1544	13.1	13.6	-303	0.356	196	179.8	82.8	2.1712
1545	13.1	13.6	-222	0.279	113	203.7	82.8	2.4603
1546	13.1	13.6	-222	0.279	155	221.8	82.8	2.6793
1547	13.1	13.6	-222	0.279	196	196.9	82.8	2.3785
1548	13.1	13.6	-222	0.279	237	179.4	82.8	2.1669
1549	13.1	13.6	-222	0.356	113	249.3	82.8	3.0109
1550	13.1	13.6	-222	0.356	155	221.8	82.8	2.6788
1551	13.1	13.6	-222	0.356	196	270.3	82.8	3.2640
1552	13.1	13.6	-222	0.356	237	162.4	82.8	1.9615
1553	13.1	13.6	-141	0.279	155	207.2	82.8	2.5023
1554	13.1	13.6	-141	0.279	196	180.7	82.8	2.1819
1555	13.1	13.6	-141	0.279	237	187.6	82.8	2.2656
1556	13.1	13.6	-141	0.356	196	190.8	82.8	2.3038
1557	13.1	16.9	-384	0.279	72	230.2	56.8	4.0537
1558	13.1	16.9	-384	0.279	155	209.4	56.8	3.6859
1559	13.1	16.9	-384	0.356	72	178.8	56.8	3.1481
1560	13.1	16.9	-384	0.356	113	190.2	56.8	3.3492
1561	13.1	16.9	-384	0.356	155	197.2	56.8	3.4724
1562	13.1	16.9	-384	0.356	196	158.0	56.8	2.7810
1563	13.1	16.9	-303	0.279	113	199.8	56.8	3.5177
1564	13.1	16.9	-303	0.279	155	215.5	56.8	3.7945
1565	13.1	16.9	-303	0.279	196	175.3	56.8	3.0870
1566	13.1	16.9	-303	0.356	113	203.6	56.8	3.5849
1567	13.1	16.9	-303	0.356	155	188.3	56.8	3.3148
1568	13.1	16.9	-303	0.356	196	168.6	56.8	2.9687
1569	13.1	16.9	-222	0.279	155	207.3	56.8	3.6496
1570	13.1	20.2	-465	0.279	72	187.4	41.5	4.5166
1571	13.1	20.2	-465	0.279	113	192.6	41.5	4.6401
1572	13.1	20.2	-465	0.356	113	216.5	41.5	5.2166
1573	13.1	20.2	-384	0.279	72	188.6	41.5	4.5440
1574	13.1	20.2	-384	0.279	113	207.8	41.5	5.0082
1575	13.1	20.2	-384	0.279	155	192.7	41.5	4.6429
1576	13.1	20.2	-384	0.356	155	195.1	41.5	4.7016
1577	13.1	20.2	-384	0.356	196	173.7	41.5	4.1858
1578	13.1	20.2	-303	0.279	113	242.2	41.5	5.8357
1579	13.1	20.2	-303	0.279	155	205.0	41.5	4.9387
1580	13.1	20.2	-303	0.279	196	188.1	41.5	4.5326
1581	13.1	20.2	-303	0.279	237	176.5	41.5	4.2524
1582	13.1	20.2	-303	0.356	113	192.7	41.5	4.6427
1583	13.1	20.2	-222	0.203	155	193.3	41.5	4.6573
1584	13.1	20.2	-222	0.203	196	201.2	41.5	4.8472
1585	13.1	20.2	-222	0.279	155	203.3	41.5	4.8986
1586	13.1	20.2	-222	0.279	196	174.5	41.5	4.2047
1587	13.1	23.4	103	0.356	30	176.3	30.8	5.7254
1588	13.1	26.7	22	0.279	72	195.1	23.5	8.3023
1589	13.1	26.7	103	0.279	30	184.8	23.5	7.8630
1590	13.1	26.7	103	0.279	72	205.0	23.5	8.7251
1591	14.3	7.0	-222	0.356	72	185.4	188.4	0.9840
1592	14.3	7.0	-222	0.356	113	202.2	188.4	1.0732
1593	14.3	7.0	-222	0.432	72	196.9	188.4	1.0451
1594	14.3	7.0	-222	0.432	113	203.7	188.4	1.0810
1595	14.3	10.3	-303	0.356	155	206.8	122.8	1.6837
1596	14.3	10.3	-303	0.432	113	173.1	122.8	1.4096
1597	14.3	10.3	-303	0.432	155	186.9	122.8	1.5223
1598	14.3	10.3	-222	0.356	155	232.8	122.8	1.8956
1599	14.3	10.3	-222	0.432	155	180.2	122.8	1.4673
1600	14.3	10.3	-222	0.432	196	153.5	122.8	1.2503
1601	14.3	13.6	-303	0.356	113	178.3	82.8	2.1538
1602	14.3	13.6	-303	0.356	155	182.5	82.8	2.2046
1603	14.3	13.6	-303	0.432	155	223.4	82.8	2.6979
1604	14.3	13.6	-303	0.432	196	166.5	82.8	2.0103
1605	14.3	13.6	-222	0.356	155	192.5	82.8	2.3245
1606	14.3	13.6	-222	0.356	196	160.2	82.8	1.9352
1607	14.3	16.9	-384	0.356	113	192.3	56.8	3.3863
1608	14.3	20.2	-465	0.356	113	206.5	41.5	4.9761
1609	14.3	20.2	-384	0.279	113	183.1	41.5	4.4110
1610	14.3	20.2	-384	0.279	155	183.1	41.5	4.4122
1611	14.3	20.2	-384	0.356	113	177.9	41.5	4.2875
1612	14.3	20.2	-384	0.356	155	188.0	41.5	4.5300
1613	14.3	20.2	-384	0.356	196	158.0	41.5	3.8064
1614	14.3	20.2	-303	0.279	155	190.9	41.5	4.6008
1615	14.3	20.2	-303	0.279	196	182.3	41.5	4.3916