Case No.	hb (m)	qstar (W/m2)	S	T (C)	tau (N/m2)	u10 (m/s)	dfco2 (uatm)
0	56.89	35.68	34.92	21.50	0.09	7.57	-7.60
1	31.80	-56.94	31.88	2.67	0.16	8.61	-17.44
2	31.80	-56.94	33.56	2.67	0.10	7.08	-17.44
3	31.80	-56.94	33.56	2.67	0.16	8.61	-17.44
4	31.80	14.20	31.88	2.67	0.10	7.08	-47.71
5	31.80	14.20	31.88	2.67	0.10	8.61	-47.71
6	31.80	14.20	31.88	2.67	0.10	8.61	-17.44
7	31.80	14.20	31.88	2.67	0.16	7.08	-47.71
8	31.80	14.20	31.88	2.67	0.16	7.08	12.83
9	31.80	14.20	31.88	2.67	0.16	8.61	-47.71
10	31.80	14.20	31.88	2.67	0.16	8.61	-17.44
11	31.80	14.20	31.88	2.67	0.16	8.61	12.83
12	31.80	14.20	33.56	2.67	0.10	7.08	-17.44
13	31.80	14.20	33.56	2.67	0.16	7.08	-17.44
14	31.80	14.20	33.56	2.67	0.16	8.61	-47.71
15	31.80	14.20	33.56	2.67	0.16	8.61	-17.44
16	31.80	14.20	33.56	2.67	0.16	8.61	12.83
17	31.80	14.20	33.56	2.67	0.21	8.61	-47.71
18	31.80	14.20	33.56	2.67	0.21	8.61	-17.44
19	31.80	85.33	31.88	2.67	0.16	8.61	-47.71
20	31.80	85.33	31.88	2.67	0.21	8.61	-47.71
21	31.80	85.33	33.56	2.67	0.10	7.08	-47.71
22	31.80	85.33	33.56	2.67	0.16	8.61	-47.71
23	31.80	85.33	33.56	2.67	0.21	8.61	-47.71
24	31.80	85.33	33.56	2.67	0.26	8.61	-47.71
25	73.19	-56.94	33.56	2.67	0.16	8.61	-47.71
26	73.19	-56.94	33.56	2.67	0.16	8.61	-17.44
27	73.19	14.20	31.88	2.67	0.21	8.61	-17.44
28	73.19	14.20	33.56	2.67	0.16	8.61	-47.71
29	73.19	14.20	33.56	2.67	0.16	8.61	-17.44
30	73.19	14.20	33.56	2.67	0.16	8.61	12.83
31	73.19	14.20	33.56	2.67	0.16	10.14	-17.44
32	73.19	14.20	33.56	2.67	0.16	10.14	12.83
33	73.19	14.20	33.56	2.67	0.21	8.61	-47.71
34	73.19	14.20	33.56	2.67	0.21	8.61	-17.44
35	73.19	14.20	33.56	2.67	0.21	10.14	-17.44
36	73.19	14.20	33.56	2.67	0.21	10.14	12.83
37	73.19	14.20	33.56	2.67	0.21	11.67	12.83
38	73.19	14.20	33.56	2.67	0.26	10.14	-17.44
39	73.19	14.20	33.56	2.67	0.26	10.14	12.83
40	73.19	14.20	33.56	2.67	0.26	11.67	-17.44
41	73.19	14.20	33.56	2.67	0.26	11.67	12.83
42	73.19	14.20	33.56	2.67	0.32	11.67	-17.44
43	73.19	14.20	33.56	2.67	0.32	11.67	12.83
44	73.19	14.20	35.25	2.67	0.10	8.61	-47.71
45	73.19	14.20	35.25	2.67	0.16	8.61	-47.71
46	73.19	14.20	35.25	2.67	0.16	10.14	12.83
47	73.19	14.20	35.25	2.67	0.21	10.14	-17.44
48	73.19	14.20	35.25	2.67	0.21	10.14	12.83
49	73.19	14.20	35.25	2.67	0.26	10.14	-17.44
50	73.19	14.20	35.25	2.67	0.26	10.14	12.83
51	73.19	14.20	35.25	2.67	0.26	11.67	12.83
52	73.19	85.33	33.56	2.67	0.10	8.61	-17.44
53	73.19	85.33	33.56	2.67	0.10	8.61	12.83
54	73.19	85.33	33.56	2.67	0.16	8.61	-17.44
55	73.19	85.33	33.56	2.67	0.16	8.61	12.83
56	73.19	85.33	33.56	2.67	0.16	10.14	-17.44
57	73.19	85.33	33.56	2.67	0.16	10.14	12.83
58	73.19	85.33	33.56	2.67	0.21	10.14	-17.44
59	73.19	85.33	33.56	2.67	0.21	10.14	12.83
60	73.19	85.33	33.56	2.67	0.21	11.67	12.83
61	73.19	85.33	33.56	2.67	0.26	10.14	-17.44
62	73.19	85.33	33.56	2.67	0.26	10.14	12.83
63	73.19	85.33	33.56	2.67	0.26	11.67	-17.44
64	73.19	85.33	33.56	2.67	0.26	11.67	12.83
65	73.19	85.33	35.25	2.67	0.21	10.14	-17.44
66	73.19	85.33	35.25	2.67	0.21	10.14	12.83
67	73.19	85.33	35.25	2.67	0.21	11.67	12.83
68	73.19	85.33	35.25	2.67	0.26	11.67	-17.44
69	114.57	-56.94	35.25	2.67	0.16	10.14	-17.44
70	114.57	-56.94	35.25	2.67	0.16	8.61	-47.71
71	114.57	-56.94	35.25	2.67	0.21	8.61	-47.71
72	114.57	14.20	33.56	2.67	0.16	8.61	-17.44
73	114.57	14.20	33.56	2.67	0.16	8.61	12.83
74	114.57	14.20	33.56	2.67	0.16	10.14	-17.44
75	114.57	14.20	33.56	2.67	0.16	10.14	12.83
76	114.57	14.20	33.56	2.67	0.21	8.61	-17.44
77	114.57	14.20	33.56	2.67	0.21	10.14	-17.44
78	114.57	14.20	33.56	2.67	0.21	10.14	12.83
79	114.57	14.20	33.56	2.67	0.21	11.67	12.83
80	114.57	14.20	33.56	2.67	0.26	10.14	-17.44
81	114.57	14.20	33.56	2.67	0.26	10.14	12.83
82	114.57	14.20	33.56	2.67	0.26	11.67	-17.44
83	114.57	14.20	33.56	2.67	0.26	11.67	12.83
84	114.57	14.20	33.56	2.67	0.32	11.67	-17.44
85	114.57	14.20	33.56	2.67	0.32	11.67	12.83
86	114.57	14.20	35.25	2.67	0.16	8.61	12.83
87	114.57	14.20	35.25	2.67	0.16	10.14	12.83
88	114.57	14.20	35.25	2.67	0.21	8.61	-47.71
89	114.57	14.20	35.25	2.67	0.21	10.14	-47.71
90	114.57	14.20	35.25	2.67	0.21	10.14	-17.44
91	114.57	14.20	35.25	2.67	0.26	10.14	12.83
92	114.57	14.20	35.25	2.67	0.26	11.67	12.83
93	114.57	85.33	33.56	2.67	0.16	8.61	-17.44
94	114.57	85.33	33.56	2.67	0.16	8.61	12.83
95	114.57	85.33	33.56	2.67	0.16	10.14	-17.44
96	114.57	85.33	33.56	2.67	0.21	8.61	-17.44
97	114.57	85.33	33.56	2.67	0.21	10.14	-17.44
98	114.57	85.33	33.56	2.67	0.21	10.14	12.83
99	114.57	85.33	33.56	2.67	0.21	11.67	12.83
100	114.57	85.33	33.56	2.67	0.26	10.14	-17.44
101	114.57	85.33	33.56	2.67	0.26	10.14	12.83
102	114.57	85.33	33.56	2.67	0.26	11.67	-17.44
103	114.57	85.33	33.56	2.67	0.26	11.67	12.83
104	114.57	85.33	35.25	2.67	0.21	10.14	-17.44
105	114.57	85.33	35.25	2.67	0.21	10.14	12.83
106	114.57	85.33	35.25	2.67	0.26	10.14	12.83
107	114.57	85.33	35.25	2.67	0.26	11.67	12.83
108	155.96	-56.94	33.56	2.67	0.26	11.67	-17.44
109	155.96	-56.94	35.25	2.67	0.21	8.61	-47.71
110	155.96	14.20	33.56	2.67	0.16	10.14	-17.44
111	155.96	14.20	33.56	2.67	0.21	10.14	-17.44
112	155.96	14.20	33.56	2.67	0.21	10.14	12.83
113	155.96	14.20	33.56	2.67	0.21	11.67	-17.44
114	155.96	14.20	33.56	2.67	0.26	10.14	-17.44
115	155.96	14.20	33.56	2.67	0.26	10.14	12.83
116	155.96	14.20	33.56	2.67	0.26	11.67	-17.44
117	155.96	14.20	33.56	2.67	0.26	11.67	12.83
118	155.96	14.20	35.25	2.67	0.21	10.14	-47.71
119	155.96	14.20	35.25	2.67	0.21	10.14	-17.44
120	155.96	14.20	35.25	2.67	0.26	8.61	-47.71
121	155.96	85.33	33.56	2.67	0.21	10.14	-17.44
122	197.34	14.20	33.56	2.67	0.21	10.14	-17.44
123	197.34	14.20	33.56	2.67	0.21	10.14	12.83
124	197.34	14.20	33.56	2.67	0.21	11.67	-17.44
125	197.34	14.20	33.56	2.67	0.26	10.14	-17.44
126	197.34	14.20	33.56	2.67	0.26	11.67	-17.44
127	238.73	14.20	33.56	2.67	0.21	10.14	-17.44
128	31.80	14.20	33.56	7.61	0.26	10.14	-17.44
129	31.80	-56.94	33.56	7.61	0.16	7.08	-47.71
130	31.80	-56.94	33.56	7.61	0.16	8.61	-47.71
131	31.80	-56.94	35.25	7.61	0.16	8.61	-47.71
132	31.80	-56.94	35.25	7.61	0.21	10.14	-47.71
133	31.80	-56.94	35.25	7.61	0.26	10.14	-47.71
134	31.80	-56.94	35.25	7.61	0.26	10.14	-17.44
135	31.80	14.20	31.88	7.61	0.10	7.08	-17.44
136	31.80	14.20	31.88	7.61	0.10	8.61	-17.44
137	31.80	14.20	31.88	7.61	0.16	7.08	-17.44
138	31.80	14.20	31.88	7.61	0.16	8.61	-17.44
139	31.80	14.20	31.88	7.61	0.16	8.61	12.83
140	31.80	14.20	33.56	7.61	0.10	7.08	-47.71
141	31.80	14.20	33.56	7.61	0.10	7.08	-17.44
142	31.80	14.20	33.56	7.61	0.10	7.08	12.83
143	31.80	14.20	33.56	7.61	0.10	8.61	-17.44
144	31.80	14.20	33.56	7.61	0.16	7.08	-47.71
145	31.80	14.20	33.56	7.61	0.16	7.08	-17.44
146	31.80	14.20	33.56	7.61	0.16	7.08	12.83
147	31.80	14.20	33.56	7.61	0.16	8.61	-47.71
148	31.80	14.20	33.56	7.61	0.16	8.61	-17.44
149	31.80	14.20	33.56	7.61	0.16	8.61	12.83
150	31.80	14.20	33.56	7.61	0.16	10.14	-17.44
151	31.80	14.20	33.56	7.61	0.21	8.61	-47.71
152	31.80	14.20	33.56	7.61	0.21	10.14	-47.71
153	31.80	14.20	33.56	7.61	0.21	10.14	-17.44
154	31.80	14.20	35.25	7.61	0.16	8.61	-47.71
155	31.80	14.20	35.25	7.61	0.21	8.61	-47.71
156	31.80	14.20	35.25	7.61	0.21	10.14	-47.71
157	31.80	85.33	31.88	7.61	0.16	8.61	-47.71
158	31.80	85.33	31.88	7.61	0.16	8.61	-17.44
159	31.80	85.33	33.56	7.61	0.10	7.08	-47.71
160	31.80	85.33	33.56	7.61	0.10	7.08	-17.44
161	31.80	85.33	33.56	7.61	0.10	8.61	-47.71
162	31.80	85.33	33.56	7.61	0.10	8.61	-17.44
163	31.80	85.33	33.56	7.61	0.16	8.61	-47.71
164	31.80	85.33	33.56	7.61	0.16	8.61	-17.44
165	31.80	85.33	33.56	7.61	0.16	8.61	12.83
166	31.80	85.33	35.25	7.61	0.10	7.08	-17.44
167	31.80	85.33	35.25	7.61	0.10	8.61	-47.71
168	73.19	-56.94	33.56	7.61	0.16	8.61	-17.44
169	73.19	-56.94	33.56	7.61	0.21	8.61	-17.44
170	73.19	-56.94	33.56	7.61	0.26	10.14	-17.44
171	73.19	-56.94	35.25	7.61	0.16	8.61	-47.71
172	73.19	-56.94	35.25	7.61	0.16	8.61	-17.44
173	73.19	-56.94	35.25	7.61	0.21	10.14	-47.71
174	73.19	-56.94	35.25	7.61	0.21	10.14	-17.44
175	73.19	-56.94	35.25	7.61	0.26	10.14	-17.44
176	73.19	-56.94	35.25	7.61	0.26	11.67	-17.44
177	73.19	14.20	31.88	7.61	0.16	8.61	-17.44
178	73.19	14.20	31.88	7.61	0.16	8.61	12.83
179	73.19	14.20	33.56	7.61	0.10	8.61	-17.44
180	73.19	14.20	33.56	7.61	0.16	8.61	-47.71
181	73.19	14.20	33.56	7.61	0.16	8.61	-17.44
182	73.19	14.20	33.56	7.61	0.16	8.61	12.83
183	73.19	14.20	33.56	7.61	0.16	10.14	-17.44
184	73.19	14.20	33.56	7.61	0.16	10.14	12.83
185	73.19	14.20	33.56	7.61	0.21	8.61	-17.44
186	73.19	14.20	33.56	7.61	0.21	8.61	12.83
187	73.19	14.20	33.56	7.61	0.21	10.14	-17.44
188	73.19	14.20	33.56	7.61	0.21	10.14	12.83
189	73.19	14.20	33.56	7.61	0.21	11.67	-17.44
190	73.19	14.20	33.56	7.61	0.26	10.14	-17.44
191	73.19	14.20	33.56	7.61	0.26	11.67	-17.44
192	73.19	14.20	35.25	7.61	0.10	8.61	-17.44
193	73.19	14.20	35.25	7.61	0.16	8.61	-47.71
194	73.19	14.20	35.25	7.61	0.16	8.61	-17.44
195	73.19	14.20	35.25	7.61	0.16	10.14	-17.44
196	73.19	14.20	35.25	7.61	0.16	10.14	12.83
197	73.19	14.20	35.25	7.61	0.21	8.61	-17.44
198	73.19	14.20	35.25	7.61	0.21	10.14	-47.71
199	73.19	14.20	35.25	7.61	0.21	10.14	-17.44
200	73.19	14.20	35.25	7.61	0.21	11.67	-17.44
201	73.19	14.20	35.25	7.61	0.26	11.67	-17.44
202	73.19	85.33	33.56	7.61	0.10	8.61	-47.71
203	73.19	85.33	33.56	7.61	0.10	8.61	-17.44
204	73.19	85.33	33.56	7.61	0.16	8.61	-47.71
205	73.19	85.33	33.56	7.61	0.16	8.61	-17.44
206	73.19	85.33	33.56	7.61	0.16	8.61	12.83
207	73.19	85.33	33.56	7.61	0.16	10.14	-17.44
208	73.19	85.33	33.56	7.61	0.16	10.14	12.83
209	73.19	85.33	33.56	7.61	0.21	8.61	-17.44
210	73.19	85.33	33.56	7.61	0.21	10.14	-17.44
211	73.19	85.33	33.56	7.61	0.21	10.14	12.83
212	73.19	85.33	33.56	7.61	0.26	10.14	-17.44
213	73.19	85.33	35.25	7.61	0.10	7.08	-17.44
214	73.19	85.33	35.25	7.61	0.10	8.61	-17.44
215	73.19	85.33	35.25	7.61	0.16	8.61	-47.71
216	73.19	85.33	35.25	7.61	0.16	8.61	-17.44
217	73.19	85.33	35.25	7.61	0.21	8.61	-17.44
218	73.19	85.33	35.25	7.61	0.21	10.14	-17.44
219	114.57	-56.94	33.56	7.61	0.32	11.67	-17.44
220	114.57	-56.94	35.25	7.61	0.16	8.61	-47.71
221	114.57	-56.94	35.25	7.61	0.16	8.61	-17.44
222	114.57	-56.94	35.25	7.61	0.21	8.61	-17.44
223	114.57	-56.94	35.25	7.61	0.21	10.14	-17.44
224	114.57	-56.94	35.25	7.61	0.26	10.14	-17.44
225	114.57	-56.94	35.25	7.61	0.32	11.67	-17.44
226	114.57	14.20	33.56	7.61	0.16	10.14	-17.44
227	114.57	14.20	33.56	7.61	0.16	10.14	12.83
228	114.57	14.20	33.56	7.61	0.21	8.61	-17.44
229	114.57	14.20	33.56	7.61	0.21	10.14	-17.44
230	114.57	14.20	33.56	7.61	0.21	10.14	12.83
231	114.57	14.20	33.56	7.61	0.21	11.67	-17.44
232	114.57	14.20	33.56	7.61	0.26	10.14	-17.44
233	114.57	14.20	33.56	7.61	0.26	10.14	12.83
234	114.57	14.20	33.56	7.61	0.26	11.67	-17.44
235	114.57	14.20	33.56	7.61	0.26	11.67	12.83
236	114.57	14.20	33.56	7.61	0.32	11.67	-17.44
237	114.57	14.20	35.25	7.61	0.16	8.61	-47.71
238	114.57	14.20	35.25	7.61	0.16	8.61	-17.44
239	114.57	14.20	35.25	7.61	0.16	8.61	12.83
240	114.57	14.20	35.25	7.61	0.16	10.14	-17.44
241	114.57	14.20	35.25	7.61	0.21	8.61	-17.44
242	114.57	14.20	35.25	7.61	0.21	10.14	-47.71
243	114.57	14.20	35.25	7.61	0.21	10.14	-17.44
244	114.57	14.20	35.25	7.61	0.21	10.14	12.83
245	114.57	14.20	35.25	7.61	0.21	11.67	-17.44
246	114.57	14.20	35.25	7.61	0.26	10.14	-17.44
247	114.57	14.20	35.25	7.61	0.26	11.67	-17.44
248	114.57	85.33	33.56	7.61	0.16	8.61	-17.44
249	114.57	85.33	33.56	7.61	0.16	10.14	-17.44
250	114.57	85.33	33.56	7.61	0.21	8.61	-17.44
251	114.57	85.33	33.56	7.61	0.21	10.14	-17.44
252	114.57	85.33	33.56	7.61	0.21	11.67	-17.44
253	114.57	85.33	33.56	7.61	0.26	11.67	-17.44
254	114.57	85.33	35.25	7.61	0.16	8.61	-17.44
255	114.57	85.33	35.25	7.61	0.16	10.14	-17.44
256	114.57	85.33	35.25	7.61	0.21	8.61	-17.44
257	114.57	85.33	35.25	7.61	0.21	10.14	-17.44
258	155.96	-56.94	33.56	7.61	0.26	11.67	-17.44
259	155.96	-56.94	33.56	7.61	0.26	11.67	12.83
260	155.96	-56.94	33.56	7.61	0.32	11.67	-17.44
261	155.96	-56.94	35.25	7.61	0.16	8.61	-17.44
262	155.96	-56.94	35.25	7.61	0.21	8.61	-17.44
263	155.96	-56.94	35.25	7.61	0.21	10.14	-17.44
264	155.96	-56.94	35.25	7.61	0.26	10.14	-47.71
265	155.96	-56.94	35.25	7.61	0.26	11.67	-17.44
266	155.96	-56.94	35.25	7.61	0.32	11.67	-17.44
267	155.96	-56.94	35.25	7.61	0.32	11.67	-17.44
268	155.96	14.20	33.56	7.61	0.21	10.14	-17.44
269	155.96	14.20	33.56	7.61	0.21	10.14	12.83
270	155.96	14.20	33.56	7.61	0.21	11.67	-17.44
271	155.96	14.20	33.56	7.61	0.26	10.14	-17.44
272	155.96	14.20	33.56	7.61	0.26	10.14	12.83
273	155.96	14.20	33.56	7.61	0.26	11.67	-17.44
274	155.96	14.20	33.56	7.61	0.26	11.67	12.83
275	155.96	14.20	33.56	7.61	0.32	11.67	-17.44
276	155.96	14.20	35.25	7.61	0.16	10.14	-17.44
277	155.96	14.20	35.25	7.61	0.21	10.14	-17.44
278	155.96	14.20	35.25	7.61	0.21	10.14	12.83
279	155.96	14.20	35.25	7.61	0.21	11.67	-17.44
280	155.96	14.20	35.25	7.61	0.26	10.14	-47.71
281	155.96	14.20	35.25	7.61	0.26	10.14	-17.44
282	155.96	14.20	35.25	7.61	0.26	10.14	12.83
283	155.96	14.20	35.25	7.61	0.26	11.67	-17.44
284	155.96	14.20	35.25	7.61	0.26	11.67	12.83
285	155.96	14.20	35.25	7.61	0.32	11.67	-17.44
286	155.96	85.33	33.56	7.61	0.21	10.14	-17.44
287	155.96	85.33	35.25	7.61	0.21	10.14	-17.44
288	197.34	-128.07	35.25	7.61	0.21	10.14	-17.44
289	197.34	-56.94	35.25	7.61	0.21	8.61	-17.44
290	197.34	-56.94	35.25	7.61	0.21	10.14	-17.44
291	197.34	-56.94	35.25	7.61	0.26	11.67	-17.44
292	197.34	14.20	33.56	7.61	0.21	10.14	-17.44
293	197.34	14.20	33.56	7.61	0.21	11.67	-17.44
294	197.34	14.20	33.56	7.61	0.26	10.14	-17.44
295	197.34	14.20	33.56	7.61	0.26	11.67	-17.44
296	197.34	14.20	35.25	7.61	0.21	10.14	-17.44
297	197.34	14.20	35.25	7.61	0.21	10.14	12.83
298	197.34	14.20	35.25	7.61	0.21	11.67	-17.44
299	197.34	14.20	35.25	7.61	0.26	10.14	-17.44
300	197.34	14.20	35.25	7.61	0.26	11.67	-17.44
301	197.34	14.20	35.25	7.61	0.26	11.67	12.83
302	197.34	85.33	33.56	7.61	0.21	10.14	-17.44
303	197.34	85.33	35.25	7.61	0.21	10.14	-17.44
304	238.73	-128.07	35.25	7.61	0.21	8.61	-17.44
305	238.73	-56.94	35.25	7.61	0.21	8.61	-17.44
306	238.73	-56.94	35.25	7.61	0.21	10.14	-17.44
307	238.73	14.20	33.56	7.61	0.21	10.14	-17.44
308	238.73	14.20	33.56	7.61	0.26	10.14	-17.44
309	238.73	14.20	33.56	7.61	0.26	11.67	-17.44
310	238.73	14.20	35.25	7.61	0.21	10.14	-17.44
311	238.73	14.20	35.25	7.61	0.26	10.14	-17.44
312	238.73	14.20	35.25	7.61	0.26	11.67	-17.44
313	31.80	-128.07	35.25	12.55	0.21	10.14	-47.71
314	31.80	-56.94	33.56	12.55	0.10	7.08	-47.71
315	31.80	-56.94	33.56	12.55	0.16	7.08	-47.71
316	31.80	-56.94	33.56	12.55	0.16	8.61	-47.71
317	31.80	-56.94	33.56	12.55	0.16	8.61	-17.44
318	31.80	-56.94	35.25	12.55	0.10	7.08	-17.44
319	31.80	-56.94	35.25	12.55	0.16	8.61	-47.71
320	31.80	-56.94	35.25	12.55	0.16	8.61	-17.44
321	31.80	-56.94	35.25	12.55	0.21	8.61	-47.71
322	31.80	-56.94	35.25	12.55	0.21	10.14	-47.71
323	31.80	14.20	31.88	12.55	0.10	7.08	-47.71
324	31.80	14.20	31.88	12.55	0.10	7.08	-17.44
325	31.80	14.20	31.88	12.55	0.10	8.61	-17.44
326	31.80	14.20	31.88	12.55	0.16	8.61	-17.44
327	31.80	14.20	33.56	12.55	0.10	7.08	-47.71
328	31.80	14.20	33.56	12.55	0.10	7.08	-17.44
329	31.80	14.20	33.56	12.55	0.10	8.61	-17.44
330	31.80	14.20	33.56	12.55	0.16	7.08	-47.71
331	31.80	14.20	33.56	12.55	0.16	7.08	-17.44
332	31.80	14.20	33.56	12.55	0.16	8.61	-47.71
333	31.80	14.20	33.56	12.55	0.16	8.61	-17.44
334	31.80	14.20	33.56	12.55	0.16	8.61	12.83
335	31.80	14.20	35.25	12.55	0.10	7.08	-17.44
336	31.80	14.20	35.25	12.55	0.10	8.61	-47.71
337	31.80	14.20	35.25	12.55	0.10	8.61	-17.44
338	31.80	14.20	35.25	12.55	0.16	8.61	-47.71
339	31.80	14.20	35.25	12.55	0.16	8.61	-17.44
340	31.80	14.20	35.25	12.55	0.16	10.14	-47.71
341	31.80	14.20	35.25	12.55	0.16	10.14	-17.44
342	31.80	85.33	33.56	12.55	0.05	5.54	-17.44
343	31.80	85.33	33.56	12.55	0.05	7.08	-17.44
344	31.80	85.33	33.56	12.55	0.10	7.08	-47.71
345	31.80	85.33	33.56	12.55	0.10	7.08	-17.44
346	31.80	85.33	33.56	12.55	0.10	8.61	-17.44
347	31.80	85.33	33.56	12.55	0.16	7.08	-47.71
348	31.80	85.33	33.56	12.55	0.16	7.08	-17.44
349	31.80	85.33	35.25	12.55	0.10	7.08	-47.71
350	31.80	85.33	35.25	12.55	0.10	7.08	-17.44
351	31.80	85.33	35.25	12.55	0.10	8.61	-17.44
352	73.19	-128.07	33.56	12.55	0.16	8.61	-47.71
353	73.19	-128.07	35.25	12.55	0.21	8.61	-47.71
354	73.19	-128.07	35.25	12.55	0.26	10.14	-47.71
355	73.19	-128.07	35.25	12.55	0.26	11.67	-47.71
356	73.19	-56.94	33.56	12.55	0.16	8.61	-47.71
357	73.19	-56.94	33.56	12.55	0.16	8.61	-17.44
358	73.19	-56.94	33.56	12.55	0.21	8.61	-47.71
359	73.19	-56.94	33.56	12.55	0.21	8.61	-17.44
360	73.19	-56.94	33.56	12.55	0.21	10.14	-47.71
361	73.19	-56.94	35.25	12.55	0.16	8.61	-47.71
362	73.19	-56.94	35.25	12.55	0.16	8.61	-17.44
363	73.19	-56.94	35.25	12.55	0.16	10.14	-47.71
364	73.19	-56.94	35.25	12.55	0.16	10.14	-17.44
365	73.19	-56.94	35.25	12.55	0.21	8.61	-47.71
366	73.19	-56.94	35.25	12.55	0.21	8.61	-17.44
367	73.19	-56.94	35.25	12.55	0.21	10.14	-47.71
368	73.19	-56.94	35.25	12.55	0.21	10.14	-17.44
369	73.19	-56.94	35.25	12.55	0.26	10.14	-47.71
370	73.19	-56.94	35.25	12.55	0.26	10.14	-17.44
371	73.19	-56.94	35.25	12.55	0.26	11.67	-47.71
372	73.19	-56.94	35.25	12.55	0.26	11.67	-17.44
373	73.19	-56.94	35.25	12.55	0.32	11.67	-17.44
374	73.19	14.20	33.56	12.55	0.10	7.08	-17.44
375	73.19	14.20	33.56	12.55	0.10	8.61	-17.44
376	73.19	14.20	33.56	12.55	0.16	7.08	-47.71
377	73.19	14.20	33.56	12.55	0.16	7.08	-17.44
378	73.19	14.20	33.56	12.55	0.16	8.61	-47.71
379	73.19	14.20	33.56	12.55	0.16	8.61	-17.44
380	73.19	14.20	33.56	12.55	0.16	8.61	12.83
381	73.19	14.20	33.56	12.55	0.16	10.14	-17.44
382	73.19	14.20	33.56	12.55	0.21	8.61	-47.71
383	73.19	14.20	33.56	12.55	0.21	8.61	-17.44
384	73.19	14.20	33.56	12.55	0.21	10.14	-17.44
385	73.19	14.20	35.25	12.55	0.10	7.08	-47.71
386	73.19	14.20	35.25	12.55	0.10	7.08	-17.44
387	73.19	14.20	35.25	12.55	0.10	8.61	-47.71
388	73.19	14.20	35.25	12.55	0.10	8.61	-17.44
389	73.19	14.20	35.25	12.55	0.16	8.61	-47.71
390	73.19	14.20	35.25	12.55	0.16	8.61	-17.44
391	73.19	14.20	35.25	12.55	0.16	10.14	-47.71
392	73.19	14.20	35.25	12.55	0.16	10.14	-17.44
393	73.19	14.20	35.25	12.55	0.21	8.61	-47.71
394	73.19	14.20	35.25	12.55	0.21	8.61	-17.44
395	73.19	14.20	35.25	12.55	0.21	10.14	-47.71
396	73.19	14.20	35.25	12.55	0.21	10.14	-17.44
397	73.19	14.20	35.25	12.55	0.26	10.14	-17.44
398	73.19	14.20	35.25	12.55	0.26	11.67	-17.44
399	73.19	85.33	33.56	12.55	0.16	8.61	-17.44
400	73.19	85.33	33.56	12.55	0.16	8.61	12.83
401	73.19	85.33	33.56	12.55	0.16	10.14	-17.44
402	73.19	85.33	33.56	12.55	0.21	10.14	12.83
403	73.19	85.33	35.25	12.55	0.10	7.08	-47.71
404	73.19	85.33	35.25	12.55	0.10	8.61	-47.71
405	73.19	85.33	35.25	12.55	0.16	8.61	-47.71
406	73.19	85.33	35.25	12.55	0.16	8.61	-17.44
407	114.57	-128.07	35.25	12.55	0.21	10.14	-47.71
408	114.57	-128.07	35.25	12.55	0.26	10.14	-47.71
409	114.57	-128.07	35.25	12.55	0.26	10.14	-17.44
410	114.57	-128.07	35.25	12.55	0.26	11.67	-17.44
411	114.57	-56.94	35.25	12.55	0.16	8.61	-47.71
412	114.57	-56.94	35.25	12.55	0.16	8.61	-17.44
413	114.57	-56.94	35.25	12.55	0.16	10.14	-47.71
414	114.57	-56.94	35.25	12.55	0.21	8.61	-47.71
415	114.57	-56.94	35.25	12.55	0.21	8.61	-17.44
416	114.57	-56.94	35.25	12.55	0.21	10.14	-47.71
417	114.57	-56.94	35.25	12.55	0.21	10.14	-17.44
418	114.57	-56.94	35.25	12.55	0.26	10.14	-47.71
419	114.57	-56.94	35.25	12.55	0.26	10.14	-17.44
420	114.57	-56.94	35.25	12.55	0.26	11.67	-17.44
421	114.57	-56.94	35.25	12.55	0.32	11.67	-17.44
422	114.57	14.20	35.25	12.55	0.10	7.08	-17.44
423	114.57	14.20	35.25	12.55	0.10	8.61	-17.44
424	114.57	14.20	35.25	12.55	0.16	8.61	-47.71
425	114.57	14.20	35.25	12.55	0.16	8.61	-17.44
426	114.57	14.20	35.25	12.55	0.16	10.14	-47.71
427	114.57	14.20	35.25	12.55	0.16	10.14	-17.44
428	114.57	14.20	35.25	12.55	0.21	8.61	-17.44
429	114.57	14.20	35.25	12.55	0.21	10.14	-47.71
430	114.57	14.20	35.25	12.55	0.21	10.14	-17.44
431	114.57	14.20	35.25	12.55	0.26	10.14	-17.44
432	114.57	14.20	35.25	12.55	0.26	11.67	-17.44
433	155.96	-56.94	35.25	12.55	0.16	8.61	-17.44
434	155.96	-56.94	35.25	12.55	0.21	10.14	-47.71
435	155.96	-56.94	35.25	12.55	0.21	10.14	-17.44
436	155.96	-56.94	35.25	12.55	0.26	10.14	-17.44
437	155.96	-56.94	35.25	12.55	0.26	11.67	-17.44
438	155.96	14.20	35.25	12.55	0.16	8.61	-47.71
439	155.96	14.20	35.25	12.55	0.16	8.61	-17.44
440	155.96	14.20	35.25	12.55	0.16	10.14	-47.71
441	155.96	14.20	35.25	12.55	0.16	10.14	-17.44
442	155.96	14.20	35.25	12.55	0.21	8.61	-17.44
443	155.96	14.20	35.25	12.55	0.21	10.14	-47.71
444	155.96	14.20	35.25	12.55	0.21	10.14	-17.44
445	155.96	14.20	35.25	12.55	0.21	11.67	-17.44
446	155.96	14.20	35.25	12.55	0.26	10.14	-17.44
447	155.96	14.20	35.25	12.55	0.26	11.67	-17.44
448	197.34	-56.94	35.25	12.55	0.21	8.61	-17.44
449	197.34	-56.94	35.25	12.55	0.21	10.14	-47.71
450	197.34	-56.94	35.25	12.55	0.21	10.14	-17.44
451	197.34	14.20	35.25	12.55	0.21	10.14	-17.44
452	197.34	14.20	35.25	12.55	0.26	11.67	-17.44
453	238.73	-56.94	35.25	12.55	0.21	10.14	-17.44
454	31.80	-199.21	33.56	17.49	0.16	8.61	-47.71
455	31.80	-128.07	33.56	17.49	0.10	7.08	-47.71
456	31.80	-128.07	33.56	17.49	0.16	7.08	-47.71
457	31.80	-128.07	33.56	17.49	0.16	8.61	-47.71
458	31.80	-128.07	35.25	17.49	0.16	8.61	-47.71
459	31.80	-128.07	35.25	17.49	0.16	8.61	-17.44
460	31.80	-128.07	35.25	17.49	0.16	10.14	-47.71
461	31.80	-128.07	35.25	17.49	0.16	10.14	-17.44
462	31.80	-128.07	35.25	17.49	0.21	8.61	-47.71
463	31.80	-128.07	35.25	17.49	0.21	8.61	-17.44
464	31.80	-128.07	35.25	17.49	0.21	10.14	-47.71
465	31.80	-128.07	35.25	17.49	0.21	10.14	-17.44
466	31.80	-128.07	36.94	17.49	0.21	10.14	-17.44
467	31.80	-56.94	31.88	17.49	0.10	7.08	-47.71
468	31.80	-56.94	35.25	17.49	0.10	8.61	-47.71
469	31.80	-56.94	35.25	17.49	0.16	7.08	-47.71
470	31.80	-56.94	35.25	17.49	0.16	7.08	-17.44
471	31.80	-56.94	35.25	17.49	0.16	8.61	-47.71
472	31.80	-56.94	35.25	17.49	0.16	8.61	-17.44
473	31.80	-56.94	35.25	17.49	0.16	10.14	-47.71
474	31.80	14.20	28.50	17.49	0.10	7.08	-47.71
475	31.80	14.20	31.88	17.49	0.10	7.08	-47.71
476	31.80	14.20	33.56	17.49	0.10	7.08	-47.71
477	31.80	14.20	33.56	17.49	0.10	7.08	-17.44
478	31.80	14.20	33.56	17.49	0.10	7.08	12.83
479	31.80	14.20	33.56	17.49	0.10	8.61	-17.44
480	31.80	14.20	33.56	17.49	0.10	8.61	12.83
481	31.80	14.20	33.56	17.49	0.16	8.61	-17.44
482	31.80	14.20	33.56	17.49	0.16	8.61	12.83
483	31.80	14.20	35.25	17.49	0.05	7.08	-17.44
484	31.80	14.20	35.25	17.49	0.10	7.08	-47.71
485	31.80	14.20	35.25	17.49	0.10	7.08	-17.44
486	31.80	14.20	35.25	17.49	0.10	7.08	12.83
487	31.80	14.20	35.25	17.49	0.10	8.61	-47.71
488	31.80	14.20	35.25	17.49	0.16	7.08	-17.44
489	31.80	14.20	35.25	17.49	0.16	8.61	-47.71
490	31.80	14.20	35.25	17.49	0.16	8.61	-17.44
491	31.80	14.20	35.25	17.49	0.16	10.14	-47.71
492	31.80	14.20	36.94	17.49	0.10	7.08	-17.44
493	31.80	85.33	31.88	17.49	0.10	7.08	-47.71
494	31.80	85.33	33.56	17.49	0.05	5.54	-17.44
495	31.80	85.33	33.56	17.49	0.05	5.54	12.83
496	31.80	85.33	33.56	17.49	0.05	7.08	-17.44
497	31.80	85.33	33.56	17.49	0.05	7.08	12.83
498	31.80	85.33	33.56	17.49	0.10	5.54	-17.44
499	31.80	85.33	33.56	17.49	0.10	7.08	-47.71
500	31.80	85.33	33.56	17.49	0.10	7.08	-17.44
501	31.80	85.33	33.56	17.49	0.10	7.08	12.83
502	31.80	85.33	35.25	17.49	0.05	4.01	12.83
503	31.80	85.33	35.25	17.49	0.05	5.54	12.83
504	31.80	85.33	35.25	17.49	0.05	7.08	12.83
505	31.80	85.33	35.25	17.49	0.05	7.08	43.10
506	31.80	85.33	35.25	17.49	0.10	7.08	-17.44
507	31.80	85.33	35.25	17.49	0.10	7.08	12.83
508	31.80	85.33	35.25	17.49	0.16	7.08	-17.44
509	31.80	156.47	35.25	17.49	0.10	7.08	-17.44
510	73.19	-199.21	35.25	17.49	0.21	10.14	-17.44
511	73.19	-128.07	33.56	17.49	0.16	8.61	-47.71
512	73.19	-128.07	33.56	17.49	0.21	8.61	-47.71
513	73.19	-128.07	35.25	17.49	0.16	8.61	-47.71
514	73.19	-128.07	35.25	17.49	0.16	8.61	-17.44
515	73.19	-128.07	35.25	17.49	0.16	10.14	-47.71
516	73.19	-128.07	35.25	17.49	0.16	10.14	-17.44
517	73.19	-128.07	35.25	17.49	0.21	8.61	-47.71
518	73.19	-128.07	35.25	17.49	0.21	10.14	-47.71
519	73.19	-128.07	35.25	17.49	0.21	10.14	-17.44
520	73.19	-128.07	36.94	17.49	0.21	10.14	-17.44
521	73.19	-56.94	33.56	17.49	0.16	8.61	-47.71
522	73.19	-56.94	33.56	17.49	0.21	8.61	-47.71
523	73.19	-56.94	35.25	17.49	0.10	7.08	-47.71
524	73.19	-56.94	35.25	17.49	0.10	8.61	-47.71
525	73.19	-56.94	35.25	17.49	0.10	8.61	-17.44
526	73.19	-56.94	35.25	17.49	0.16	7.08	-47.71
527	73.19	-56.94	35.25	17.49	0.16	7.08	-17.44
528	73.19	-56.94	35.25	17.49	0.16	8.61	-47.71
529	73.19	-56.94	35.25	17.49	0.16	8.61	-17.44
530	73.19	-56.94	35.25	17.49	0.16	10.14	-47.71
531	73.19	-56.94	35.25	17.49	0.16	10.14	-17.44
532	73.19	-56.94	35.25	17.49	0.21	8.61	-47.71
533	73.19	-56.94	35.25	17.49	0.21	8.61	-17.44
534	73.19	-56.94	35.25	17.49	0.21	10.14	-47.71
535	73.19	-56.94	35.25	17.49	0.21	10.14	-17.44
536	73.19	-56.94	36.94	17.49	0.16	8.61	-17.44
537	73.19	14.20	33.56	17.49	0.05	7.08	-17.44
538	73.19	14.20	33.56	17.49	0.05	7.08	12.83
539	73.19	14.20	33.56	17.49	0.10	7.08	-17.44
540	73.19	14.20	33.56	17.49	0.10	7.08	12.83
541	73.19	14.20	33.56	17.49	0.10	8.61	-17.44
542	73.19	14.20	33.56	17.49	0.10	8.61	12.83
543	73.19	14.20	33.56	17.49	0.16	7.08	-47.71
544	73.19	14.20	33.56	17.49	0.16	7.08	-17.44
545	73.19	14.20	33.56	17.49	0.16	8.61	-47.71
546	73.19	14.20	33.56	17.49	0.16	8.61	-17.44
547	73.19	14.20	33.56	17.49	0.16	8.61	12.83
548	73.19	14.20	35.25	17.49	0.05	5.54	-17.44
549	73.19	14.20	35.25	17.49	0.05	5.54	12.83
550	73.19	14.20	35.25	17.49	0.05	7.08	-17.44
551	73.19	14.20	35.25	17.49	0.05	7.08	12.83
552	73.19	14.20	35.25	17.49	0.10	7.08	-47.71
553	73.19	14.20	35.25	17.49	0.10	7.08	-17.44
554	73.19	14.20	35.25	17.49	0.10	7.08	12.83
555	73.19	14.20	35.25	17.49	0.10	8.61	-47.71
556	73.19	14.20	35.25	17.49	0.10	8.61	-17.44
557	73.19	14.20	35.25	17.49	0.10	8.61	12.83
558	73.19	14.20	35.25	17.49	0.16	7.08	-47.71
559	73.19	14.20	35.25	17.49	0.16	7.08	-17.44
560	73.19	14.20	35.25	17.49	0.16	8.61	-47.71
561	73.19	14.20	35.25	17.49	0.16	8.61	-17.44
562	73.19	14.20	35.25	17.49	0.16	10.14	-17.44
563	73.19	14.20	36.94	17.49	0.10	7.08	-17.44
564	73.19	14.20	36.94	17.49	0.10	8.61	-17.44
565	73.19	14.20	36.94	17.49	0.16	8.61	-17.44
566	73.19	85.33	33.56	17.49	0.05	5.54	-17.44
567	73.19	85.33	33.56	17.49	0.05	5.54	12.83
568	73.19	85.33	33.56	17.49	0.05	7.08	-17.44
569	73.19	85.33	33.56	17.49	0.05	7.08	12.83
570	73.19	85.33	33.56	17.49	0.10	7.08	-17.44
571	73.19	85.33	35.25	17.49	0.05	5.54	-17.44
572	73.19	85.33	35.25	17.49	0.05	5.54	12.83
573	73.19	85.33	35.25	17.49	0.05	7.08	-17.44
574	73.19	85.33	35.25	17.49	0.05	7.08	12.83
575	73.19	85.33	35.25	17.49	0.10	7.08	-17.44
576	73.19	85.33	35.25	17.49	0.10	7.08	12.83
577	114.57	-128.07	35.25	17.49	0.21	10.14	-47.71
578	114.57	-128.07	35.25	17.49	0.26	10.14	-47.71
579	114.57	-128.07	36.94	17.49	0.21	10.14	-47.71
580	114.57	-56.94	35.25	17.49	0.16	8.61	-47.71
581	114.57	-56.94	35.25	17.49	0.16	8.61	-17.44
582	114.57	-56.94	35.25	17.49	0.16	10.14	-47.71
583	114.57	-56.94	35.25	17.49	0.16	10.14	-17.44
584	114.57	-56.94	35.25	17.49	0.21	8.61	-47.71
585	114.57	-56.94	35.25	17.49	0.21	8.61	-17.44
586	114.57	-56.94	35.25	17.49	0.21	10.14	-47.71
587	114.57	-56.94	35.25	17.49	0.21	10.14	-17.44
588	114.57	-56.94	36.94	17.49	0.16	8.61	-17.44
589	114.57	-56.94	36.94	17.49	0.16	10.14	-17.44
590	114.57	-56.94	36.94	17.49	0.21	10.14	-17.44
591	114.57	14.20	35.25	17.49	0.10	8.61	-17.44
592	114.57	14.20	35.25	17.49	0.16	8.61	-47.71
593	114.57	14.20	35.25	17.49	0.16	8.61	-17.44
594	114.57	14.20	35.25	17.49	0.16	10.14	-47.71
595	114.57	14.20	35.25	17.49	0.16	10.14	-17.44
596	31.80	-199.21	31.88	22.43	0.16	8.61	-47.71
597	31.80	-199.21	33.56	22.43	0.16	8.61	-47.71
598	31.80	-199.21	36.94	22.43	0.16	8.61	-17.44
599	31.80	-199.21	36.94	22.43	0.16	10.14	-17.44
600	31.80	-199.21	36.94	22.43	0.21	10.14	-17.44
601	31.80	-128.07	33.56	22.43	0.10	7.08	-47.71
602	31.80	-128.07	33.56	22.43	0.10	7.08	-17.44
603	31.80	-128.07	33.56	22.43	0.10	8.61	-17.44
604	31.80	-128.07	33.56	22.43	0.16	8.61	-47.71
605	31.80	-128.07	33.56	22.43	0.16	8.61	-17.44
606	31.80	-128.07	35.25	22.43	0.10	7.08	-17.44
607	31.80	-128.07	35.25	22.43	0.10	8.61	-47.71
608	31.80	-128.07	35.25	22.43	0.16	8.61	-47.71
609	31.80	-128.07	35.25	22.43	0.16	10.14	-47.71
610	31.80	-128.07	35.25	22.43	0.21	10.14	-47.71
611	31.80	-128.07	35.25	22.43	0.21	10.14	-17.44
612	31.80	-128.07	36.94	22.43	0.10	7.08	12.83
613	31.80	-128.07	36.94	22.43	0.10	8.61	-17.44
614	31.80	-128.07	36.94	22.43	0.16	8.61	-17.44
615	31.80	-128.07	36.94	22.43	0.16	10.14	-17.44
616	31.80	-128.07	36.94	22.43	0.21	10.14	-17.44
617	31.80	-56.94	33.56	22.43	0.10	7.08	-47.71
618	31.80	-56.94	33.56	22.43	0.10	7.08	-17.44
619	31.80	-56.94	35.25	22.43	0.05	7.08	-17.44
620	31.80	-56.94	35.25	22.43	0.10	7.08	-17.44
621	31.80	-56.94	35.25	22.43	0.10	8.61	-47.71
622	31.80	-56.94	35.25	22.43	0.10	8.61	-17.44
623	31.80	-56.94	35.25	22.43	0.16	7.08	-17.44
624	31.80	-56.94	35.25	22.43	0.16	8.61	-47.71
625	31.80	-56.94	35.25	22.43	0.16	8.61	-17.44
626	31.80	-56.94	36.94	22.43	0.10	7.08	-17.44
627	31.80	-56.94	36.94	22.43	0.10	7.08	12.83
628	31.80	-56.94	36.94	22.43	0.10	8.61	-17.44
629	31.80	-56.94	36.94	22.43	0.16	8.61	-47.71
630	31.80	-56.94	35.25	22.43	0.05	4.01	73.37
631	31.80	14.20	33.56	22.43	0.10	7.08	-17.44
632	31.80	14.20	33.56	22.43	0.10	8.61	-47.71
633	31.80	14.20	35.25	22.43	0.05	5.54	-17.44
634	31.80	14.20	35.25	22.43	0.05	5.54	12.83
635	31.80	14.20	35.25	22.43	0.05	7.08	-17.44
636	31.80	14.20	35.25	22.43	0.05	7.08	12.83
637	31.80	14.20	35.25	22.43	0.10	7.08	-47.71
638	31.80	14.20	35.25	22.43	0.10	7.08	-17.44
639	31.80	14.20	35.25	22.43	0.10	7.08	12.83
640	31.80	14.20	35.25	22.43	0.10	8.61	-47.71
641	31.80	14.20	35.25	22.43	0.10	8.61	-17.44
642	31.80	14.20	35.25	22.43	0.16	8.61	-17.44
643	31.80	14.20	36.94	22.43	0.05	5.54	-17.44
644	31.80	14.20	36.94	22.43	0.05	7.08	-17.44
645	31.80	14.20	36.94	22.43	0.05	7.08	12.83
646	31.80	14.20	36.94	22.43	0.10	7.08	-17.44
647	31.80	14.20	36.94	22.43	0.10	7.08	12.83
648	31.80	14.20	36.94	22.43	0.10	8.61	-17.44
649	31.80	85.33	33.56	22.43	0.05	5.54	12.83
650	31.80	85.33	35.25	22.43	0.05	4.01	12.83
651	31.80	85.33	35.25	22.43	0.05	5.54	12.83
652	31.80	85.33	35.25	22.43	0.05	5.54	73.37
653	31.80	85.33	35.25	22.43	0.05	7.08	12.83
654	31.80	85.33	35.25	22.43	0.05	7.08	43.10
655	31.80	85.33	35.25	22.43	0.05	7.08	73.37
656	31.80	85.33	35.25	22.43	0.10	7.08	12.83
657	31.80	85.33	35.25	22.43	0.10	7.08	43.10
658	31.80	85.33	35.25	22.43	0.10	7.08	73.37
659	31.80	85.33	35.25	22.43	0.10	8.61	12.83
660	31.80	85.33	36.94	22.43	0.05	5.54	12.83
661	31.80	85.33	36.94	22.43	0.05	7.08	12.83
662	31.80	85.33	36.94	22.43	0.10	7.08	-17.44
663	31.80	85.33	36.94	22.43	0.10	7.08	12.83
664	31.80	156.47	33.56	22.43	0.05	5.54	12.83
665	31.80	156.47	33.56	22.43	0.05	5.54	43.10
666	31.80	156.47	33.56	22.43	0.05	5.54	73.37
667	31.80	156.47	35.25	22.43	0.05	4.01	73.37
668	31.80	156.47	35.25	22.43	0.05	4.01	103.65
669	31.80	156.47	35.25	22.43	0.05	5.54	12.83
670	31.80	156.47	35.25	22.43	0.05	5.54	43.10
671	31.80	156.47	35.25	22.43	0.05	5.54	73.37
672	31.80	156.47	35.25	22.43	0.05	5.54	103.65
673	73.19	-199.21	33.56	22.43	0.16	8.61	-47.71
674	73.19	-199.21	35.25	22.43	0.16	8.61	-47.71
675	73.19	-199.21	36.94	22.43	0.16	8.61	-17.44
676	73.19	-199.21	36.94	22.43	0.16	10.14	-17.44
677	73.19	-199.21	36.94	22.43	0.21	10.14	-17.44
678	73.19	-128.07	33.56	22.43	0.10	7.08	-47.71
679	73.19	-128.07	33.56	22.43	0.10	8.61	-47.71
680	73.19	-128.07	33.56	22.43	0.16	8.61	-47.71
681	73.19	-128.07	33.56	22.43	0.16	8.61	-17.44
682	73.19	-128.07	35.25	22.43	0.10	7.08	-47.71
683	73.19	-128.07	35.25	22.43	0.10	7.08	-17.44
684	73.19	-128.07	35.25	22.43	0.10	8.61	-17.44
685	73.19	-128.07	35.25	22.43	0.16	8.61	-47.71
686	73.19	-128.07	35.25	22.43	0.16	8.61	-17.44
687	73.19	-128.07	35.25	22.43	0.16	10.14	-17.44
688	73.19	-128.07	35.25	22.43	0.21	8.61	-47.71
689	73.19	-128.07	35.25	22.43	0.21	10.14	-17.44
690	73.19	-128.07	36.94	22.43	0.16	8.61	-17.44
691	73.19	-128.07	36.94	22.43	0.16	10.14	-17.44
692	73.19	-128.07	36.94	22.43	0.21	10.14	-17.44
693	73.19	-56.94	35.25	22.43	0.10	7.08	-47.71
694	73.19	-56.94	35.25	22.43	0.10	7.08	-17.44
695	73.19	-56.94	35.25	22.43	0.10	8.61	-47.71
696	73.19	-56.94	35.25	22.43	0.10	8.61	-17.44
697	73.19	-56.94	35.25	22.43	0.16	7.08	-17.44
698	73.19	-56.94	35.25	22.43	0.16	8.61	-47.71
699	73.19	-56.94	35.25	22.43	0.16	8.61	-17.44
700	73.19	-56.94	36.94	22.43	0.10	7.08	-17.44
701	73.19	-56.94	36.94	22.43	0.10	8.61	-17.44
702	73.19	-56.94	36.94	22.43	0.16	8.61	-17.44
703	73.19	-56.94	36.94	22.43	0.16	10.14	-17.44
704	73.19	14.20	35.25	22.43	0.05	5.54	-17.44
705	73.19	14.20	35.25	22.43	0.05	5.54	12.83
706	73.19	14.20	35.25	22.43	0.05	7.08	-17.44
707	73.19	14.20	35.25	22.43	0.05	7.08	12.83
708	73.19	14.20	35.25	22.43	0.10	7.08	-47.71
709	73.19	14.20	35.25	22.43	0.10	7.08	-17.44
710	73.19	14.20	35.25	22.43	0.10	7.08	12.83
711	73.19	14.20	35.25	22.43	0.10	8.61	-47.71
712	73.19	14.20	35.25	22.43	0.10	8.61	-17.44
713	73.19	14.20	36.94	22.43	0.05	5.54	-17.44
714	73.19	14.20	36.94	22.43	0.05	5.54	12.83
715	73.19	14.20	36.94	22.43	0.05	7.08	-17.44
716	73.19	14.20	36.94	22.43	0.05	7.08	12.83
717	73.19	14.20	36.94	22.43	0.10	5.54	-17.44
718	73.19	14.20	36.94	22.43	0.10	7.08	-17.44
719	73.19	14.20	36.94	22.43	0.10	7.08	12.83
720	73.19	14.20	36.94	22.43	0.10	8.61	-17.44
721	73.19	14.20	36.94	22.43	0.16	8.61	-17.44
722	73.19	85.33	33.56	22.43	0.10	7.08	12.83
723	73.19	85.33	33.56	22.43	0.05	5.54	-17.44
724	73.19	85.33	33.56	22.43	0.05	5.54	12.83
725	73.19	85.33	35.25	22.43	0.05	5.54	-17.44
726	73.19	85.33	35.25	22.43	0.05	5.54	12.83
727	73.19	85.33	35.25	22.43	0.05	7.08	-17.44
728	73.19	85.33	35.25	22.43	0.05	7.08	12.83
729	73.19	85.33	35.25	22.43	0.05	7.08	43.10
730	73.19	85.33	35.25	22.43	0.10	7.08	-17.44
731	73.19	85.33	35.25	22.43	0.10	7.08	12.83
732	73.19	85.33	35.25	22.43	0.10	7.08	43.10
733	73.19	85.33	35.25	22.43	0.10	8.61	12.83
734	73.19	85.33	36.94	22.43	0.05	5.54	-17.44
735	73.19	85.33	36.94	22.43	0.05	5.54	12.83
736	73.19	85.33	36.94	22.43	0.05	7.08	-17.44
737	73.19	85.33	36.94	22.43	0.05	7.08	12.83
738	73.19	85.33	36.94	22.43	0.10	7.08	12.83
739	114.57	-128.07	36.94	22.43	0.16	10.14	-17.44
740	114.57	-128.07	36.94	22.43	0.21	10.14	-17.44
741	114.57	-56.94	36.94	22.43	0.16	8.61	-17.44
742	114.57	-56.94	36.94	22.43	0.16	10.14	-17.44
743	114.57	14.20	36.94	22.43	0.10	8.61	-17.44
744	114.57	14.20	36.94	22.43	0.16	8.61	-17.44
745	31.80	-199.21	36.94	27.37	0.10	7.08	12.83
746	31.80	-199.21	36.94	27.37	0.16	7.08	12.83
747	31.80	-199.21	36.94	27.37	0.16	8.61	12.83
748	31.80	-128.07	33.56	27.37	0.10	8.61	-17.44
749	31.80	-128.07	35.25	27.37	0.10	7.08	-17.44
750	31.80	-128.07	35.25	27.37	0.10	8.61	-17.44
751	31.80	-128.07	36.94	27.37	0.10	7.08	12.83
752	31.80	-56.94	33.56	27.37	0.10	7.08	-17.44
753	31.80	-56.94	33.56	27.37	0.10	8.61	-17.44
754	31.80	-56.94	33.56	27.37	0.16	8.61	-17.44
755	31.80	-56.94	35.25	27.37	0.05	5.54	-17.44
756	31.80	-56.94	35.25	27.37	0.05	5.54	12.83
757	31.80	-56.94	35.25	27.37	0.05	7.08	-17.44
758	31.80	-56.94	35.25	27.37	0.10	7.08	-17.44
759	31.80	-56.94	35.25	27.37	0.10	8.61	-17.44
760	31.80	-56.94	36.94	27.37	0.05	5.54	-17.44
761	31.80	-56.94	36.94	27.37	0.05	5.54	12.83
762	31.80	-56.94	36.94	27.37	0.05	7.08	-17.44
763	31.80	-56.94	36.94	27.37	0.10	5.54	-17.44
764	31.80	-56.94	36.94	27.37	0.10	7.08	12.83
765	31.80	14.20	31.88	27.37	0.05	5.54	-17.44
766	31.80	14.20	31.88	27.37	0.05	5.54	12.83
767	31.80	14.20	31.88	27.37	0.05	7.08	-17.44
768	31.80	14.20	31.88	27.37	0.10	7.08	-17.44
769	31.80	14.20	33.56	27.37	0.05	4.01	12.83
770	31.80	14.20	33.56	27.37	0.05	5.54	-17.44
771	31.80	14.20	33.56	27.37	0.05	5.54	12.83
772	31.80	14.20	33.56	27.37	0.05	7.08	-17.44
773	31.80	14.20	33.56	27.37	0.05	7.08	12.83
774	31.80	14.20	33.56	27.37	0.10	5.54	12.83
775	31.80	14.20	33.56	27.37	0.10	7.08	-17.44
776	31.80	14.20	33.56	27.37	0.10	7.08	12.83
777	31.80	14.20	33.56	27.37	0.10	8.61	-17.44
778	31.80	14.20	33.56	27.37	0.10	8.61	12.83
779	31.80	14.20	33.56	27.37	0.16	8.61	-17.44
780	31.80	14.20	35.25	27.37	0.05	4.01	12.83
781	31.80	14.20	35.25	27.37	0.05	4.01	43.10
782	31.80	14.20	35.25	27.37	0.05	5.54	-17.44
783	31.80	14.20	35.25	27.37	0.05	5.54	12.83
784	31.80	14.20	35.25	27.37	0.05	7.08	-17.44
785	31.80	14.20	35.25	27.37	0.05	7.08	12.83
786	31.80	14.20	35.25	27.37	0.05	7.08	43.10
787	31.80	14.20	35.25	27.37	0.10	5.54	-17.44
788	31.80	14.20	35.25	27.37	0.10	7.08	-47.71
789	31.80	14.20	35.25	27.37	0.10	7.08	-17.44
790	31.80	14.20	35.25	27.37	0.10	7.08	12.83
791	31.80	14.20	35.25	27.37	0.10	8.61	-17.44
792	31.80	14.20	35.25	27.37	0.10	8.61	12.83
793	31.80	14.20	35.25	27.37	0.16	8.61	-17.44
794	31.80	14.20	35.25	27.37	0.16	8.61	12.83
795	31.80	14.20	35.25	27.37	0.16	8.61	43.10
796	31.80	14.20	36.94	27.37	0.05	5.54	-17.44
797	31.80	14.20	36.94	27.37	0.05	5.54	12.83
798	31.80	14.20	36.94	27.37	0.05	5.54	43.10
799	31.80	14.20	36.94	27.37	0.05	7.08	-17.44
800	31.80	14.20	36.94	27.37	0.05	7.08	12.83
801	31.80	14.20	36.94	27.37	0.05	7.08	43.10
802	31.80	14.20	36.94	27.37	0.10	5.54	43.10
803	31.80	14.20	36.94	27.37	0.10	7.08	-17.44
804	31.80	14.20	36.94	27.37	0.10	7.08	12.83
805	31.80	14.20	36.94	27.37	0.10	7.08	43.10
806	31.80	14.20	36.94	27.37	0.10	8.61	-17.44
807	31.80	14.20	36.94	27.37	0.10	8.61	12.83
808	31.80	14.20	36.94	27.37	0.10	10.14	12.83
809	31.80	14.20	36.94	27.37	0.16	10.14	12.83
810	31.80	85.33	28.50	27.37	0.05	7.08	12.83
811	31.80	85.33	30.19	27.37	0.05	7.08	12.83
812	31.80	85.33	31.88	27.37	0.05	4.01	12.83
813	31.80	85.33	31.88	27.37	0.05	4.01	43.10
814	31.80	85.33	31.88	27.37	0.05	5.54	12.83
815	31.80	85.33	31.88	27.37	0.05	7.08	-17.44
816	31.80	85.33	31.88	27.37	0.05	7.08	12.83
817	31.80	85.33	33.56	27.37	0.05	4.01	12.83
818	31.80	85.33	33.56	27.37	0.05	4.01	43.10
819	31.80	85.33	33.56	27.37	0.05	5.54	12.83
820	31.80	85.33	33.56	27.37	0.05	5.54	43.10
821	31.80	85.33	33.56	27.37	0.05	5.54	73.37
822	31.80	85.33	33.56	27.37	0.05	7.08	-17.44
823	31.80	85.33	33.56	27.37	0.05	7.08	12.83
824	31.80	85.33	33.56	27.37	0.10	5.54	12.83
825	31.80	85.33	33.56	27.37	0.10	7.08	-17.44
826	31.80	85.33	33.56	27.37	0.10	7.08	12.83
827	31.80	85.33	33.56	27.37	0.10	8.61	-17.44
828	31.80	85.33	33.56	27.37	0.10	8.61	12.83
829	31.80	85.33	33.56	27.37	0.16	7.08	-17.44
830	31.80	85.33	35.25	27.37	0.05	4.01	12.83
831	31.80	85.33	35.25	27.37	0.05	4.01	-17.44
832	31.80	85.33	35.25	27.37	0.05	4.01	12.83
833	31.80	85.33	35.25	27.37	0.05	4.01	43.10
834	31.80	85.33	35.25	27.37	0.05	5.54	-17.44
835	31.80	85.33	35.25	27.37	0.05	5.54	12.83
836	31.80	85.33	35.25	27.37	0.05	5.54	43.10
837	31.80	85.33	35.25	27.37	0.05	5.54	103.65
838	31.80	85.33	35.25	27.37	0.05	7.08	-17.44
839	31.80	85.33	35.25	27.37	0.05	7.08	12.83
840	31.80	85.33	35.25	27.37	0.05	7.08	43.10
841	31.80	85.33	35.25	27.37	0.05	7.08	73.37
842	31.80	85.33	35.25	27.37	0.05	7.08	103.65
843	31.80	85.33	35.25	27.37	0.10	5.54	12.83
844	31.80	85.33	35.25	27.37	0.10	7.08	-17.44
845	31.80	85.33	35.25	27.37	0.10	7.08	12.83
846	31.80	85.33	35.25	27.37	0.10	7.08	43.10
847	31.80	85.33	35.25	27.37	0.10	7.08	73.37
848	31.80	85.33	35.25	27.37	0.10	8.61	-17.44
849	31.80	85.33	35.25	27.37	0.10	8.61	12.83
850	31.80	85.33	35.25	27.37	0.10	8.61	43.10
851	31.80	85.33	35.25	27.37	0.16	7.08	43.10
852	31.80	85.33	35.25	27.37	0.16	8.61	43.10
853	31.80	85.33	36.94	27.37	0.05	5.54	12.83
854	31.80	85.33	36.94	27.37	0.05	5.54	43.10
855	31.80	85.33	36.94	27.37	0.05	7.08	12.83
856	31.80	85.33	36.94	27.37	0.05	7.08	43.10
857	31.80	85.33	36.94	27.37	0.10	7.08	-17.44
858	31.80	85.33	36.94	27.37	0.10	7.08	12.83
859	31.80	85.33	36.94	27.37	0.10	7.08	43.10
860	31.80	85.33	36.94	27.37	0.10	8.61	12.83
861	31.80	85.33	36.94	27.37	0.10	10.14	12.83
862	31.80	85.33	36.94	27.37	0.16	7.08	43.10
863	31.80	85.33	36.94	27.37	0.16	8.61	12.83
864	31.80	85.33	36.94	27.37	0.16	10.14	12.83
865	31.80	156.47	33.56	27.37	0.05	4.01	43.10
866	31.80	156.47	33.56	27.37	0.05	5.54	12.83
867	31.80	156.47	33.56	27.37	0.05	5.54	43.10
868	31.80	156.47	33.56	27.37	0.05	5.54	73.37
869	31.80	156.47	33.56	27.37	0.05	5.54	103.65
870	31.80	156.47	35.25	27.37	0.05	4.01	43.10
871	31.80	156.47	35.25	27.37	0.05	5.54	12.83
872	31.80	156.47	35.25	27.37	0.05	5.54	43.10
873	31.80	156.47	35.25	27.37	0.05	5.54	73.37
874	31.80	156.47	35.25	27.37	0.05	5.54	103.65
875	31.80	156.47	35.25	27.37	0.05	7.08	43.10
876	31.80	156.47	35.25	27.37	0.05	7.08	73.37
877	31.80	156.47	35.25	27.37	0.05	7.08	103.65
878	73.19	14.20	33.56	27.37	0.05	5.54	12.83
879	73.19	14.20	33.56	27.37	0.05	7.08	12.83
880	73.19	14.20	33.56	27.37	0.10	7.08	12.83
881	73.19	14.20	33.56	27.37	0.10	8.61	-17.44
882	73.19	14.20	33.56	27.37	0.10	8.61	12.83
883	73.19	14.20	35.25	27.37	0.05	5.54	-17.44
884	73.19	14.20	35.25	27.37	0.05	5.54	12.83
885	73.19	14.20	35.25	27.37	0.05	5.54	43.10
886	73.19	14.20	35.25	27.37	0.05	7.08	-17.44
887	73.19	14.20	35.25	27.37	0.05	7.08	12.83
888	73.19	14.20	35.25	27.37	0.05	7.08	43.10
889	73.19	14.20	35.25	27.37	0.10	5.54	-17.44
890	73.19	14.20	35.25	27.37	0.10	7.08	-17.44
891	73.19	14.20	35.25	27.37	0.10	7.08	12.83
892	73.19	14.20	35.25	27.37	0.10	7.08	43.10
893	73.19	14.20	35.25	27.37	0.10	8.61	-17.44
894	73.19	14.20	35.25	27.37	0.10	8.61	12.83
895	73.19	14.20	36.94	27.37	0.05	5.54	12.83
896	73.19	14.20	36.94	27.37	0.05	7.08	-17.44
897	73.19	14.20	36.94	27.37	0.05	7.08	12.83
898	73.19	14.20	36.94	27.37	0.05	7.08	43.10
899	73.19	14.20	36.94	27.37	0.10	7.08	-17.44
900	73.19	14.20	36.94	27.37	0.10	7.08	12.83
901	73.19	14.20	36.94	27.37	0.10	7.08	43.10
902	73.19	85.33	33.56	27.37	0.05	5.54	12.83
903	73.19	85.33	33.56	27.37	0.05	7.08	-17.44
904	73.19	85.33	33.56	27.37	0.05	7.08	12.83
905	73.19	85.33	33.56	27.37	0.10	7.08	12.83
906	73.19	85.33	33.56	27.37	0.10	7.08	43.10
907	73.19	85.33	33.56	27.37	0.10	8.61	12.83
908	73.19	85.33	35.25	27.37	0.05	5.54	12.83
909	73.19	85.33	35.25	27.37	0.05	5.54	43.10
910	73.19	85.33	35.25	27.37	0.05	5.54	73.37
911	73.19	85.33	35.25	27.37	0.05	7.08	-17.44
912	73.19	85.33	35.25	27.37	0.05	7.08	12.83
913	73.19	85.33	35.25	27.37	0.05	7.08	43.10
914	73.19	85.33	35.25	27.37	0.05	7.08	73.37
915	73.19	85.33	35.25	27.37	0.05	7.08	103.65
916	73.19	85.33	35.25	27.37	0.10	7.08	-17.44
917	73.19	85.33	35.25	27.37	0.10	7.08	12.83
918	73.19	85.33	35.25	27.37	0.10	7.08	43.10
919	73.19	85.33	35.25	27.37	0.10	7.08	73.37
920	73.19	85.33	35.25	27.37	0.10	8.61	-17.44
921	73.19	85.33	35.25	27.37	0.10	8.61	12.83
922	73.19	85.33	36.94	27.37	0.05	5.54	12.83
923	73.19	85.33	36.94	27.37	0.05	5.54	43.10
924	73.19	85.33	36.94	27.37	0.05	7.08	12.83
925	73.19	85.33	36.94	27.37	0.05	7.08	43.10
926	73.19	85.33	36.94	27.37	0.10	7.08	-17.44
927	73.19	85.33	36.94	27.37	0.10	7.08	12.83
928	73.19	85.33	36.94	27.37	0.10	7.08	43.10
929	73.19	156.47	35.25	27.37	0.05	5.54	73.37