Case No.	hb (m)	q* (W/m2)	T (C)	tau (N/m2)	u10 (m/s)	dfCO2 (umol)	Ddc(DIC)/dt (umol/(kg s))	DpH
1	31.8	-56.94	2.67	0.16	8.61	-17.44	-0.01426	2.06E-12
2	31.8	-56.94	2.67	0.1	7.08	-17.44	-0.25419	-3.17E-12
4	31.8	14.2	2.67	0.1	7.08	-47.71	0.10254	-7.47E-12
5	31.8	14.2	2.67	0.1	8.61	-47.71	-0.02664	-2.40E-13
6	31.8	14.2	2.67	0.1	8.61	-17.44	-0.02994	-5.39E-12
7	31.8	14.2	2.67	0.16	7.08	-47.71	-0.00022	-1.11E-13
8	31.8	14.2	2.67	0.16	7.08	12.83	0.00017	2.48E-12
9	31.8	14.2	2.67	0.16	8.61	-47.71	0.08386	1.82E-12
10	31.8	14.2	2.67	0.16	8.61	-17.44	0.08306	1.66E-12
11	31.8	14.2	2.67	0.16	8.61	12.83	0.08065	4.55E-12
12	31.8	14.2	2.67	0.1	7.08	-17.44	0.10446	-4.00E-12
13	31.8	14.2	2.67	0.16	7.08	-17.44	-0.00033	-4.09E-13
17	31.8	14.2	2.67	0.21	8.61	-47.71	0.05853	4.37E-12
18	31.8	14.2	2.67	0.21	8.61	-17.44	0.05643	3.42E-12
19	31.8	85.33	2.67	0.16	8.61	-47.71	0.24086	1.29E-12
21	31.8	85.33	2.67	0.1	7.08	-47.71	0.10914	-5.03E-12
24	31.8	85.33	2.67	0.26	8.61	-47.71	0.13996	7.05E-13
25	73.19	-56.94	2.67	0.16	8.61	-47.71	-0.04427	-2.22E-14
27	73.19	14.2	2.67	0.21	8.61	-17.44	0.01820	3.02E-14
28	73.19	14.2	2.67	0.16	8.61	-47.71	0.14383	3.16E-12
29	73.19	14.2	2.67	0.16	8.61	-17.44	0.14523	2.34E-13
30	73.19	14.2	2.67	0.16	8.61	12.83	0.14352	1.01E-12
31	73.19	14.2	2.67	0.16	10.14	-17.44	0.08783	-4.03E-13
32	73.19	14.2	2.67	0.16	10.14	12.83	0.08996	7.96E-12
35	73.19	14.2	2.67	0.21	10.14	-17.44	0.06025	-9.26E-13
36	73.19	14.2	2.67	0.21	10.14	12.83	0.06080	1.36E-12
37	73.19	14.2	2.67	0.21	11.67	12.83	0.06237	5.01E-13
38	73.19	14.2	2.67	0.26	10.14	-17.44	0.07061	9.82E-13
39	73.19	14.2	2.67	0.26	10.14	12.83	0.06985	1.35E-12
40	73.19	14.2	2.67	0.26	11.67	-17.44	0.10899	2.07E-12
41	73.19	14.2	2.67	0.26	11.67	12.83	0.10669	1.60E-12
43	73.19	14.2	2.67	0.32	11.67	12.83	0.17899	-2.82E-13
44	73.19	14.2	2.67	0.1	8.61	-47.71	0.01271	-6.76E-12
52	73.19	85.33	2.67	0.1	8.61	-17.44	0.04162	-1.10E-11
53	73.19	85.33	2.67	0.1	8.61	12.83	0.03794	-6.41E-12
54	73.19	85.33	2.67	0.16	8.61	-17.44	0.03545	3.44E-12
56	73.19	85.33	2.67	0.16	10.14	-17.44	0.05450	4.64E-12
57	73.19	85.33	2.67	0.16	10.14	12.83	0.05700	3.58E-12
58	73.19	85.33	2.67	0.21	10.14	-17.44	0.03690	8.63E-13
59	73.19	85.33	2.67	0.21	10.14	12.83	0.03538	-3.96E-12
60	73.19	85.33	2.67	0.21	11.67	12.83	0.06067	1.03E-12
61	73.19	85.33	2.67	0.26	10.14	-17.44	0.07599	8.06E-13
62	73.19	85.33	2.67	0.26	10.14	12.83	0.07372	-2.70E-12
63	73.19	85.33	2.67	0.26	11.67	-17.44	0.02383	-4.41E-12
64	73.19	85.33	2.67	0.26	11.67	12.83	0.01743	2.13E-12
69	114.57	-56.94	2.67	0.16	10.14	-17.44	0.08448	-4.65E-13
70	114.57	-56.94	2.67	0.16	8.61	-47.71	-0.00868	-4.69E-12
71	114.57	-56.94	2.67	0.21	8.61	-47.71	0.09152	-2.85E-12
72	114.57	14.2	2.67	0.16	8.61	-17.44	0.11541	-6.70E-12
73	114.57	14.2	2.67	0.16	8.61	12.83	0.11685	-1.83E-12
74	114.57	14.2	2.67	0.16	10.14	-17.44	0.06724	-9.78E-13
75	114.57	14.2	2.67	0.16	10.14	12.83	0.06931	1.84E-12
77	114.57	14.2	2.67	0.21	10.14	-17.44	0.06536	4.01E-12
80	114.57	14.2	2.67	0.26	10.14	-17.44	0.04660	-2.40E-12
81	114.57	14.2	2.67	0.26	10.14	12.83	0.04945	2.41E-12
82	114.57	14.2	2.67	0.26	11.67	-17.44	0.06110	-4.78E-12
83	114.57	14.2	2.67	0.26	11.67	12.83	0.05960	8.87E-13
84	114.57	14.2	2.67	0.32	11.67	-17.44	0.10636	-4.45E-12
85	114.57	14.2	2.67	0.32	11.67	12.83	0.10466	-1.42E-14
88	114.57	14.2	2.67	0.21	8.61	-47.71	0.12077	-2.75E-12
89	114.57	14.2	2.67	0.21	10.14	-47.71	0.06638	-3.88E-12
93	114.57	85.33	2.67	0.16	8.61	-17.44	-0.01779	3.93E-12
94	114.57	85.33	2.67	0.16	8.61	12.83	-0.02039	2.83E-12
95	114.57	85.33	2.67	0.16	10.14	-17.44	0.10186	1.34E-13
96	114.57	85.33	2.67	0.21	8.61	-17.44	0.03608	-2.10E-12
97	114.57	85.33	2.67	0.21	10.14	-17.44	-0.00165	1.14E-12
98	114.57	85.33	2.67	0.21	10.14	12.83	-0.00466	1.55E-12
99	114.57	85.33	2.67	0.21	11.67	12.83	0.12333	2.19E-12
100	114.57	85.33	2.67	0.26	10.14	-17.44	0.11142	-4.43E-12
101	114.57	85.33	2.67	0.26	10.14	12.83	0.11073	-2.23E-12
102	114.57	85.33	2.67	0.26	11.67	-17.44	0.05940	-2.92E-12
103	114.57	85.33	2.67	0.26	11.67	12.83	0.06003	2.75E-12
108	155.96	-56.94	2.67	0.26	11.67	-17.44	-0.01898	-1.11E-12
109	155.96	-56.94	2.67	0.21	8.61	-47.71	0.01723	-3.34E-12
110	155.96	14.2	2.67	0.16	10.14	-17.44	-0.03903	2.63E-12
111	155.96	14.2	2.67	0.21	10.14	-17.44	-0.03541	5.90E-12
112	155.96	14.2	2.67	0.21	10.14	12.83	-0.03430	6.23E-12
113	155.96	14.2	2.67	0.21	11.67	-17.44	-0.08985	-1.45E-12
114	155.96	14.2	2.67	0.26	10.14	-17.44	-0.01740	1.85E-12
115	155.96	14.2	2.67	0.26	10.14	12.83	-0.01748	2.66E-12
116	155.96	14.2	2.67	0.26	11.67	-17.44	0.13443	-4.80E-12
117	155.96	14.2	2.67	0.26	11.67	12.83	0.13522	-3.57E-12
118	155.96	14.2	2.67	0.21	10.14	-47.71	-0.03744	2.06E-12
120	155.96	14.2	2.67	0.26	8.61	-47.71	0.05720	-4.24E-12
121	155.96	85.33	2.67	0.21	10.14	-17.44	0.04296	7.02E-13
122	197.34	14.2	2.67	0.21	10.14	-17.44	0.02257	-2.36E-12
123	197.34	14.2	2.67	0.21	10.14	12.83	0.04513	-4.18E-12
124	197.34	14.2	2.67	0.21	11.67	-17.44	-0.04152	-1.46E-12
125	197.34	14.2	2.67	0.26	10.14	-17.44	0.07119	4.16E-12
126	197.34	14.2	2.67	0.26	11.67	-17.44	-0.11393	-2.39E-12
127	238.73	14.2	2.67	0.21	10.14	-17.44	0.02423	-1.98E-12
128	31.8	14.2	7.61	0.26	10.14	-17.44	-0.08679	-1.37E-12
129	31.8	-56.94	7.61	0.16	7.08	-47.71	0.06281	5.47E-12
130	31.8	-56.94	7.61	0.16	8.61	-47.71	0.09835	-1.89E-12
132	31.8	-56.94	7.61	0.21	10.14	-47.71	0.18676	3.94E-12
133	31.8	-56.94	7.61	0.26	10.14	-47.71	0.05729	-5.48E-12
134	31.8	-56.94	7.61	0.26	10.14	-17.44	0.06222	-3.49E-12
135	31.8	14.2	7.61	0.1	7.08	-17.44	0.03763	-2.33E-13
136	31.8	14.2	7.61	0.1	8.61	-17.44	0.08237	5.51E-12
137	31.8	14.2	7.61	0.16	7.08	-17.44	0.02129	5.49E-12
138	31.8	14.2	7.61	0.16	8.61	-17.44	0.12546	4.20E-12
139	31.8	14.2	7.61	0.16	8.61	12.83	-0.01392	2.47E-12
140	31.8	14.2	7.61	0.1	7.08	-47.71	0.03850	9.67E-13
142	31.8	14.2	7.61	0.1	7.08	12.83	0.03716	4.99E-12
144	31.8	14.2	7.61	0.16	7.08	-47.71	0.02571	2.95E-12
146	31.8	14.2	7.61	0.16	7.08	12.83	0.01950	1.72E-12
147	31.8	14.2	7.61	0.16	8.61	-47.71	0.12545	-2.23E-12
150	31.8	14.2	7.61	0.16	10.14	-17.44	0.09871	-1.01E-12
151	31.8	14.2	7.61	0.21	8.61	-47.71	0.10550	-1.76E-12
152	31.8	14.2	7.61	0.21	10.14	-47.71	0.03450	-3.36E-12
153	31.8	14.2	7.61	0.21	10.14	-17.44	0.03673	-1.96E-12
157	31.8	85.33	7.61	0.16	8.61	-47.71	0.10219	3.99E-12
158	31.8	85.33	7.61	0.16	8.61	-17.44	0.10380	-1.28E-12
159	31.8	85.33	7.61	0.1	7.08	-47.71	0.10978	1.17E-12
160	31.8	85.33	7.61	0.1	7.08	-17.44	0.11215	1.35E-12
161	31.8	85.33	7.61	0.1	8.61	-47.71	0.04677	1.23E-12
162	31.8	85.33	7.61	0.1	8.61	-17.44	0.04726	8.41E-12
165	31.8	85.33	7.61	0.16	8.61	12.83	0.10382	1.95E-12
168	73.19	-56.94	7.61	0.16	8.61	-17.44	0.02375	-8.46E-13
169	73.19	-56.94	7.61	0.21	8.61	-17.44	0.09541	6.46E-12
170	73.19	-56.94	7.61	0.26	10.14	-17.44	0.05653	-6.44E-13
171	73.19	-56.94	7.61	0.16	8.61	-47.71	0.02565	1.93E-12
173	73.19	-56.94	7.61	0.21	10.14	-47.71	0.08959	5.09E-12
174	73.19	-56.94	7.61	0.21	10.14	-17.44	0.08457	-4.38E-13
176	73.19	-56.94	7.61	0.26	11.67	-17.44	0.19123	-1.88E-12
177	73.19	14.2	7.61	0.16	8.61	-17.44	0.10728	-4.38E-12
178	73.19	14.2	7.61	0.16	8.61	12.83	0.10540	3.22E-12
179	73.19	14.2	7.61	0.1	8.61	-17.44	0.07516	1.05E-11
180	73.19	14.2	7.61	0.16	8.61	-47.71	0.10623	1.09E-12
183	73.19	14.2	7.61	0.16	10.14	-17.44	0.12181	3.84E-12
184	73.19	14.2	7.61	0.16	10.14	12.83	0.12181	7.46E-12
185	73.19	14.2	7.61	0.21	8.61	-17.44	0.04868	-2.24E-12
186	73.19	14.2	7.61	0.21	8.61	12.83	0.04637	2.96E-12
187	73.19	14.2	7.61	0.21	10.14	-17.44	0.03234	1.42E-12
188	73.19	14.2	7.61	0.21	10.14	12.83	0.03326	4.34E-12
189	73.19	14.2	7.61	0.21	11.67	-17.44	0.08100	3.72E-13
190	73.19	14.2	7.61	0.26	10.14	-17.44	0.10374	-3.60E-12
191	73.19	14.2	7.61	0.26	11.67	-17.44	0.10437	-3.55E-12
198	73.19	14.2	7.61	0.21	10.14	-47.71	0.03057	6.19E-13
202	73.19	85.33	7.61	0.1	8.61	-47.71	0.09321	3.41E-12
203	73.19	85.33	7.61	0.1	8.61	-17.44	0.09244	5.30E-12
204	73.19	85.33	7.61	0.16	8.61	-47.71	0.07756	6.63E-13
205	73.19	85.33	7.61	0.16	8.61	-17.44	0.07326	1.64E-12
206	73.19	85.33	7.61	0.16	8.61	12.83	0.07052	3.13E-12
207	73.19	85.33	7.61	0.16	10.14	-17.44	0.13610	-4.33E-13
208	73.19	85.33	7.61	0.16	10.14	12.83	0.13243	-4.02E-13
209	73.19	85.33	7.61	0.21	8.61	-17.44	0.07852	-9.96E-13
210	73.19	85.33	7.61	0.21	10.14	-17.44	0.05819	6.00E-12
211	73.19	85.33	7.61	0.21	10.14	12.83	0.05881	-3.63E-13
212	73.19	85.33	7.61	0.26	10.14	-17.44	0.09219	-6.02E-12
213	73.19	85.33	7.61	0.1	7.08	-17.44	0.07950	-6.45E-12
219	114.57	-56.94	7.61	0.32	11.67	-17.44	0.02827	-5.71E-12
220	114.57	-56.94	7.61	0.16	8.61	-47.71	0.07813	-4.13E-13
221	114.57	-56.94	7.61	0.16	8.61	-17.44	0.07501	-3.50E-12
222	114.57	-56.94	7.61	0.21	8.61	-17.44	0.07779	-3.77E-13
223	114.57	-56.94	7.61	0.21	10.14	-17.44	0.04803	1.89E-12
224	114.57	-56.94	7.61	0.26	10.14	-17.44	-0.07116	-2.65E-13
226	114.57	14.2	7.61	0.16	10.14	-17.44	0.22668	5.93E-13
227	114.57	14.2	7.61	0.16	10.14	12.83	0.23478	5.28E-12
228	114.57	14.2	7.61	0.21	8.61	-17.44	0.06510	3.01E-12
229	114.57	14.2	7.61	0.21	10.14	-17.44	-0.00005	-3.68E-12
230	114.57	14.2	7.61	0.21	10.14	12.83	-0.00598	1.15E-12
231	114.57	14.2	7.61	0.21	11.67	-17.44	0.15873	-3.92E-12
232	114.57	14.2	7.61	0.26	10.14	-17.44	0.03416	-1.95E-13
233	114.57	14.2	7.61	0.26	10.14	12.83	0.03540	-1.30E-12
234	114.57	14.2	7.61	0.26	11.67	-17.44	0.06563	-9.03E-13
235	114.57	14.2	7.61	0.26	11.67	12.83	0.06580	-2.13E-12
236	114.57	14.2	7.61	0.32	11.67	-17.44	0.24470	2.87E-12
237	114.57	14.2	7.61	0.16	8.61	-47.71	0.04363	8.28E-12
238	114.57	14.2	7.61	0.16	8.61	-17.44	0.04930	-5.71E-12
239	114.57	14.2	7.61	0.16	8.61	12.83	0.05311	6.73E-13
242	114.57	14.2	7.61	0.21	10.14	-47.71	-0.00039	4.89E-13
248	114.57	85.33	7.61	0.16	8.61	-17.44	0.09711	6.11E-12
249	114.57	85.33	7.61	0.16	10.14	-17.44	0.09133	5.23E-12
250	114.57	85.33	7.61	0.21	8.61	-17.44	0.03742	2.79E-12
251	114.57	85.33	7.61	0.21	10.14	-17.44	0.02469	3.58E-12
252	114.57	85.33	7.61	0.21	11.67	-17.44	0.13754	3.39E-12
253	114.57	85.33	7.61	0.26	11.67	-17.44	0.06963	3.44E-12
258	155.96	-56.94	7.61	0.26	11.67	-17.44	0.15254	-1.72E-12
259	155.96	-56.94	7.61	0.26	11.67	12.83	0.16032	-5.23E-12
260	155.96	-56.94	7.61	0.32	11.67	-17.44	0.11655	-1.27E-12
261	155.96	-56.94	7.61	0.16	8.61	-17.44	-0.12152	-8.65E-13
262	155.96	-56.94	7.61	0.21	8.61	-17.44	0.06866	-1.73E-12
263	155.96	-56.94	7.61	0.21	10.14	-17.44	-0.08561	2.14E-12
264	155.96	-56.94	7.61	0.26	10.14	-47.71	-0.08647	8.17E-14
268	155.96	14.2	7.61	0.21	10.14	-17.44	0.03203	1.11E-12
269	155.96	14.2	7.61	0.21	10.14	12.83	0.03385	2.75E-13
270	155.96	14.2	7.61	0.21	11.67	-17.44	0.02001	-2.80E-12
271	155.96	14.2	7.61	0.26	10.14	-17.44	0.02687	7.43E-13
272	155.96	14.2	7.61	0.26	10.14	12.83	0.02157	-3.42E-12
273	155.96	14.2	7.61	0.26	11.67	-17.44	0.00983	2.58E-12
274	155.96	14.2	7.61	0.26	11.67	12.83	0.01431	4.25E-12
275	155.96	14.2	7.61	0.32	11.67	-17.44	0.26572	-2.39E-12
276	155.96	14.2	7.61	0.16	10.14	-17.44	0.05021	4.30E-12
280	155.96	14.2	7.61	0.26	10.14	-47.71	0.03563	-4.28E-12
286	155.96	85.33	7.61	0.21	10.14	-17.44	-0.02328	-1.15E-12
288	197.34	-128.07	7.61	0.21	10.14	-17.44	0.05902	3.50E-13
289	197.34	-56.94	7.61	0.21	8.61	-17.44	0.04283	-2.98E-13
290	197.34	-56.94	7.61	0.21	10.14	-17.44	0.18257	3.26E-13
291	197.34	-56.94	7.61	0.26	11.67	-17.44	0.00563	9.88E-13
292	197.34	14.2	7.61	0.21	10.14	-17.44	0.04367	-2.57E-12
293	197.34	14.2	7.61	0.21	11.67	-17.44	0.03755	1.31E-12
294	197.34	14.2	7.61	0.26	10.14	-17.44	-0.04014	1.24E-12
297	197.34	14.2	7.61	0.21	10.14	12.83	0.04424	-1.36E-12
301	197.34	14.2	7.61	0.26	11.67	12.83	0.01843	1.74E-12
302	197.34	85.33	7.61	0.21	10.14	-17.44	0.06015	1.15E-14
304	238.73	-128.07	7.61	0.21	8.61	-17.44	-0.02188	1.24E-12
305	238.73	-56.94	7.61	0.21	8.61	-17.44	0.02129	4.24E-12
306	238.73	-56.94	7.61	0.21	10.14	-17.44	0.04541	2.30E-12
307	238.73	14.2	7.61	0.21	10.14	-17.44	0.36865	-7.09E-13
308	238.73	14.2	7.61	0.26	10.14	-17.44	-0.03568	4.48E-13
309	238.73	14.2	7.61	0.26	11.67	-17.44	0.25098	4.96E-13
313	31.8	-128.07	12.55	0.21	10.14	-47.71	0.08202	-9.46E-12
314	31.8	-56.94	12.55	0.1	7.08	-47.71	0.01631	-3.54E-12
315	31.8	-56.94	12.55	0.16	7.08	-47.71	0.03712	-3.35E-12
316	31.8	-56.94	12.55	0.16	8.61	-47.71	0.10431	-9.22E-12
317	31.8	-56.94	12.55	0.16	8.61	-17.44	0.10325	-5.72E-12
318	31.8	-56.94	12.55	0.1	7.08	-17.44	0.01900	-2.15E-11
321	31.8	-56.94	12.55	0.21	8.61	-47.71	0.08667	-1.29E-11
322	31.8	-56.94	12.55	0.21	10.14	-47.71	0.20268	-1.33E-11
323	31.8	14.2	12.55	0.1	7.08	-47.71	0.15133	-1.76E-11
324	31.8	14.2	12.55	0.1	7.08	-17.44	0.15386	-9.82E-12
325	31.8	14.2	12.55	0.1	8.61	-17.44	0.05149	-1.06E-11
326	31.8	14.2	12.55	0.16	8.61	-17.44	0.23185	-1.34E-11
330	31.8	14.2	12.55	0.16	7.08	-47.71	0.12896	-1.05E-11
331	31.8	14.2	12.55	0.16	7.08	-17.44	0.13230	-1.91E-11
332	31.8	14.2	12.55	0.16	8.61	-47.71	0.23122	-1.38E-11
334	31.8	14.2	12.55	0.16	8.61	12.83	0.23183	-8.99E-12
336	31.8	14.2	12.55	0.1	8.61	-47.71	0.05379	-4.41E-12
340	31.8	14.2	12.55	0.16	10.14	-47.71	0.01253	-9.14E-12
341	31.8	14.2	12.55	0.16	10.14	-17.44	0.01533	-1.45E-11
342	31.8	85.33	12.55	0.05	5.54	-17.44	0.00807	-2.02E-12
343	31.8	85.33	12.55	0.05	7.08	-17.44	0.02433	1.38E-11
344	31.8	85.33	12.55	0.1	7.08	-47.71	0.12365	-1.73E-11
345	31.8	85.33	12.55	0.1	7.08	-17.44	0.12871	-1.45E-11
346	31.8	85.33	12.55	0.1	8.61	-17.44	0.02274	-1.47E-11
347	31.8	85.33	12.55	0.16	7.08	-47.71	0.06360	-1.42E-11
348	31.8	85.33	12.55	0.16	7.08	-17.44	0.06562	-8.77E-12
352	73.19	-128.07	12.55	0.16	8.61	-47.71	0.17712	-5.60E-12
353	73.19	-128.07	12.55	0.21	8.61	-47.71	0.32055	-8.39E-12
354	73.19	-128.07	12.55	0.26	10.14	-47.71	0.11626	-1.15E-11
355	73.19	-128.07	12.55	0.26	11.67	-47.71	0.10736	-5.86E-12
356	73.19	-56.94	12.55	0.16	8.61	-47.71	0.12902	-4.94E-12
357	73.19	-56.94	12.55	0.16	8.61	-17.44	0.13574	-4.84E-12
358	73.19	-56.94	12.55	0.21	8.61	-47.71	0.11850	-3.07E-12
359	73.19	-56.94	12.55	0.21	8.61	-17.44	0.12038	-7.62E-12
360	73.19	-56.94	12.55	0.21	10.14	-47.71	0.08113	-4.84E-12
363	73.19	-56.94	12.55	0.16	10.14	-47.71	0.12737	-1.24E-11
364	73.19	-56.94	12.55	0.16	10.14	-17.44	0.12467	-3.37E-12
368	73.19	-56.94	12.55	0.21	10.14	-17.44	0.07831	1.97E-12
369	73.19	-56.94	12.55	0.26	10.14	-47.71	0.10371	-5.26E-12
370	73.19	-56.94	12.55	0.26	10.14	-17.44	0.10516	-4.25E-12
371	73.19	-56.94	12.55	0.26	11.67	-47.71	0.15355	-1.05E-11
372	73.19	-56.94	12.55	0.26	11.67	-17.44	0.15251	-1.21E-11
373	73.19	-56.94	12.55	0.32	11.67	-17.44	0.05084	-7.68E-12
374	73.19	14.2	12.55	0.1	7.08	-17.44	0.05718	-2.37E-12
375	73.19	14.2	12.55	0.1	8.61	-17.44	0.14022	-8.42E-12
376	73.19	14.2	12.55	0.16	7.08	-47.71	0.16524	-6.95E-12
377	73.19	14.2	12.55	0.16	7.08	-17.44	0.16766	-1.17E-11
378	73.19	14.2	12.55	0.16	8.61	-47.71	0.11340	7.73E-14
379	73.19	14.2	12.55	0.16	8.61	-17.44	0.11275	-7.03E-12
381	73.19	14.2	12.55	0.16	10.14	-17.44	0.14760	-3.53E-12
382	73.19	14.2	12.55	0.21	8.61	-47.71	0.05420	-5.37E-12
383	73.19	14.2	12.55	0.21	8.61	-17.44	0.04697	-4.64E-12
384	73.19	14.2	12.55	0.21	10.14	-17.44	0.12613	-5.25E-12
385	73.19	14.2	12.55	0.1	7.08	-47.71	0.05842	7.55E-13
387	73.19	14.2	12.55	0.1	8.61	-47.71	0.14339	-1.68E-11
391	73.19	14.2	12.55	0.16	10.14	-47.71	0.14433	-5.00E-12
395	73.19	14.2	12.55	0.21	10.14	-47.71	0.12711	-1.44E-11
397	73.19	14.2	12.55	0.26	10.14	-17.44	0.07447	-5.13E-13
398	73.19	14.2	12.55	0.26	11.67	-17.44	0.15829	-5.51E-12
399	73.19	85.33	12.55	0.16	8.61	-17.44	0.08147	-1.04E-11
400	73.19	85.33	12.55	0.16	8.61	12.83	0.08156	-4.11E-12
401	73.19	85.33	12.55	0.16	10.14	-17.44	0.13143	-1.75E-11
402	73.19	85.33	12.55	0.21	10.14	12.83	0.14505	-7.05E-12
403	73.19	85.33	12.55	0.1	7.08	-47.71	0.08609	-7.34E-12
404	73.19	85.33	12.55	0.1	8.61	-47.71	0.11440	-1.70E-11
405	73.19	85.33	12.55	0.16	8.61	-47.71	0.07602	-5.50E-12
407	114.57	-128.07	12.55	0.21	10.14	-47.71	-0.00021	2.48E-12
408	114.57	-128.07	12.55	0.26	10.14	-47.71	0.16350	7.64E-13
409	114.57	-128.07	12.55	0.26	10.14	-17.44	0.16459	-2.47E-13
410	114.57	-128.07	12.55	0.26	11.67	-17.44	0.08219	-2.33E-12
411	114.57	-56.94	12.55	0.16	8.61	-47.71	0.04370	-1.50E-12
412	114.57	-56.94	12.55	0.16	8.61	-17.44	0.04428	-5.96E-12
413	114.57	-56.94	12.55	0.16	10.14	-47.71	0.06253	4.22E-13
414	114.57	-56.94	12.55	0.21	8.61	-47.71	0.13625	1.11E-11
415	114.57	-56.94	12.55	0.21	8.61	-17.44	0.13416	5.63E-12
416	114.57	-56.94	12.55	0.21	10.14	-47.71	0.08782	3.69E-12
417	114.57	-56.94	12.55	0.21	10.14	-17.44	0.08863	-1.28E-12
418	114.57	-56.94	12.55	0.26	10.14	-47.71	-0.08637	-1.64E-12
419	114.57	-56.94	12.55	0.26	10.14	-17.44	-0.08423	5.87E-12
420	114.57	-56.94	12.55	0.26	11.67	-17.44	0.09861	2.20E-12
421	114.57	-56.94	12.55	0.32	11.67	-17.44	0.10459	5.28E-12
422	114.57	14.2	12.55	0.1	7.08	-17.44	0.15405	7.57E-12
423	114.57	14.2	12.55	0.1	8.61	-17.44	0.06393	-6.23E-12
424	114.57	14.2	12.55	0.16	8.61	-47.71	0.12772	-8.11E-12
425	114.57	14.2	12.55	0.16	8.61	-17.44	0.13745	-7.06E-12
426	114.57	14.2	12.55	0.16	10.14	-47.71	0.10873	-7.60E-12
427	114.57	14.2	12.55	0.16	10.14	-17.44	0.10662	2.47E-12
428	114.57	14.2	12.55	0.21	8.61	-17.44	0.06478	-7.01E-12
429	114.57	14.2	12.55	0.21	10.14	-47.71	-0.00313	-1.75E-13
430	114.57	14.2	12.55	0.21	10.14	-17.44	-0.00543	7.94E-12
431	114.57	14.2	12.55	0.26	10.14	-17.44	0.04780	7.18E-12
432	114.57	14.2	12.55	0.26	11.67	-17.44	0.07859	6.67E-13
433	155.96	-56.94	12.55	0.16	8.61	-17.44	0.06428	2.35E-11
434	155.96	-56.94	12.55	0.21	10.14	-47.71	0.02470	2.71E-11
435	155.96	-56.94	12.55	0.21	10.14	-17.44	0.03075	1.79E-11
436	155.96	-56.94	12.55	0.26	10.14	-17.44	-0.11839	1.68E-11
437	155.96	-56.94	12.55	0.26	11.67	-17.44	0.09535	3.10E-11
438	155.96	14.2	12.55	0.16	8.61	-47.71	0.04390	1.82E-11
439	155.96	14.2	12.55	0.16	8.61	-17.44	0.03458	2.19E-11
440	155.96	14.2	12.55	0.16	10.14	-47.71	0.04938	3.36E-12
441	155.96	14.2	12.55	0.16	10.14	-17.44	0.03492	6.74E-12
442	155.96	14.2	12.55	0.21	8.61	-17.44	-0.10987	2.23E-11
443	155.96	14.2	12.55	0.21	10.14	-47.71	0.09818	2.22E-11
444	155.96	14.2	12.55	0.21	10.14	-17.44	0.08523	1.19E-11
445	155.96	14.2	12.55	0.21	11.67	-17.44	0.15416	1.08E-11
446	155.96	14.2	12.55	0.26	10.14	-17.44	0.18204	6.11E-12
447	155.96	14.2	12.55	0.26	11.67	-17.44	0.02242	1.02E-11
448	197.34	-56.94	12.55	0.21	8.61	-17.44	0.13122	1.03E-11
449	197.34	-56.94	12.55	0.21	10.14	-47.71	0.01107	7.19E-12
450	197.34	-56.94	12.55	0.21	10.14	-17.44	0.00924	8.43E-12
451	197.34	14.2	12.55	0.21	10.14	-17.44	0.00595	5.43E-11
452	197.34	14.2	12.55	0.26	11.67	-17.44	0.01327	6.39E-11
453	238.73	-56.94	12.55	0.21	10.14	-17.44	0.05768	1.21E-11
454	31.8	-199.21	17.49	0.16	8.61	-47.71	0.10448	8.84E-13
455	31.8	-128.07	17.49	0.1	7.08	-47.71	0.04435	-5.28E-12
456	31.8	-128.07	17.49	0.16	7.08	-47.71	0.02472	5.81E-12
457	31.8	-128.07	17.49	0.16	8.61	-47.71	0.09743	7.64E-13
459	31.8	-128.07	17.49	0.16	8.61	-17.44	0.09024	-6.61E-13
460	31.8	-128.07	17.49	0.16	10.14	-47.71	0.08375	3.37E-12
461	31.8	-128.07	17.49	0.16	10.14	-17.44	0.07616	-1.47E-12
462	31.8	-128.07	17.49	0.21	8.61	-47.71	0.17481	-6.43E-13
463	31.8	-128.07	17.49	0.21	8.61	-17.44	0.17385	4.64E-12
464	31.8	-128.07	17.49	0.21	10.14	-47.71	0.14017	2.08E-12
465	31.8	-128.07	17.49	0.21	10.14	-17.44	0.13987	-1.75E-13
467	31.8	-56.94	17.49	0.1	7.08	-47.71	0.08952	-4.22E-13
468	31.8	-56.94	17.49	0.1	8.61	-47.71	0.20086	4.95E-12
469	31.8	-56.94	17.49	0.16	7.08	-47.71	0.09939	7.26E-12
470	31.8	-56.94	17.49	0.16	7.08	-17.44	0.10524	1.01E-11
471	31.8	-56.94	17.49	0.16	8.61	-47.71	0.15053	2.84E-12
472	31.8	-56.94	17.49	0.16	8.61	-17.44	0.15203	1.04E-12
473	31.8	-56.94	17.49	0.16	10.14	-47.71	0.04830	5.20E-12
474	31.8	14.2	17.49	0.1	7.08	-47.71	0.26452	3.55E-12
477	31.8	14.2	17.49	0.1	7.08	-17.44	0.26417	3.15E-12
478	31.8	14.2	17.49	0.1	7.08	12.83	0.26277	-9.59E-14
479	31.8	14.2	17.49	0.1	8.61	-17.44	0.12910	4.89E-12
480	31.8	14.2	17.49	0.1	8.61	12.83	0.12997	5.59E-12
481	31.8	14.2	17.49	0.16	8.61	-17.44	0.08432	4.11E-12
482	31.8	14.2	17.49	0.16	8.61	12.83	0.08842	3.38E-12
483	31.8	14.2	17.49	0.05	7.08	-17.44	0.08487	-1.32E-12
487	31.8	14.2	17.49	0.1	8.61	-47.71	0.12696	2.00E-12
488	31.8	14.2	17.49	0.16	7.08	-17.44	0.11251	-4.43E-12
489	31.8	14.2	17.49	0.16	8.61	-47.71	0.07824	6.06E-12
491	31.8	14.2	17.49	0.16	10.14	-47.71	0.15522	2.19E-12
493	31.8	85.33	17.49	0.1	7.08	-47.71	0.09618	-1.30E-11
494	31.8	85.33	17.49	0.05	5.54	-17.44	0.11484	-1.48E-11
495	31.8	85.33	17.49	0.05	5.54	12.83	0.11557	-1.54E-11
496	31.8	85.33	17.49	0.05	7.08	-17.44	0.22787	-9.12E-12
497	31.8	85.33	17.49	0.05	7.08	12.83	0.22803	-9.12E-12
498	31.8	85.33	17.49	0.1	5.54	-17.44	0.09588	-6.11E-12
500	31.8	85.33	17.49	0.1	7.08	-17.44	0.09891	-6.80E-12
501	31.8	85.33	17.49	0.1	7.08	12.83	0.09861	-6.53E-12
502	31.8	85.33	17.49	0.05	4.01	12.83	0.13830	-1.28E-11
505	31.8	85.33	17.49	0.05	7.08	43.1	0.22717	-1.19E-11
508	31.8	85.33	17.49	0.16	7.08	-17.44	0.04561	6.04E-12
509	31.8	156.47	17.49	0.1	7.08	-17.44	0.16776	-8.27E-12
510	73.19	-199.21	17.49	0.21	10.14	-17.44	0.04698	1.53E-12
511	73.19	-128.07	17.49	0.16	8.61	-47.71	0.03205	-1.18E-12
512	73.19	-128.07	17.49	0.21	8.61	-47.71	0.06917	3.56E-12
514	73.19	-128.07	17.49	0.16	8.61	-17.44	0.02212	1.08E-12
515	73.19	-128.07	17.49	0.16	10.14	-47.71	0.14299	1.02E-11
516	73.19	-128.07	17.49	0.16	10.14	-17.44	0.14532	1.02E-11
518	73.19	-128.07	17.49	0.21	10.14	-47.71	0.10080	8.18E-12
519	73.19	-128.07	17.49	0.21	10.14	-17.44	0.10048	3.90E-12
521	73.19	-56.94	17.49	0.16	8.61	-47.71	0.13329	6.92E-12
522	73.19	-56.94	17.49	0.21	8.61	-47.71	0.14424	3.70E-12
523	73.19	-56.94	17.49	0.1	7.08	-47.71	0.05380	3.23E-12
524	73.19	-56.94	17.49	0.1	8.61	-47.71	0.08292	-6.19E-12
525	73.19	-56.94	17.49	0.1	8.61	-17.44	0.07772	-7.76E-12
526	73.19	-56.94	17.49	0.16	7.08	-47.71	-0.13248	3.86E-12
527	73.19	-56.94	17.49	0.16	7.08	-17.44	-0.14042	2.19E-12
529	73.19	-56.94	17.49	0.16	8.61	-17.44	0.13865	4.26E-12
530	73.19	-56.94	17.49	0.16	10.14	-47.71	0.12906	-1.26E-12
531	73.19	-56.94	17.49	0.16	10.14	-17.44	0.14006	2.21E-12
533	73.19	-56.94	17.49	0.21	8.61	-17.44	0.14149	2.13E-13
534	73.19	-56.94	17.49	0.21	10.14	-47.71	0.15782	1.02E-12
535	73.19	-56.94	17.49	0.21	10.14	-17.44	0.15229	5.87E-12
537	73.19	14.2	17.49	0.05	7.08	-17.44	0.03458	-3.06E-11
538	73.19	14.2	17.49	0.05	7.08	12.83	0.03420	-3.61E-11
539	73.19	14.2	17.49	0.1	7.08	-17.44	0.05029	-9.61E-12
540	73.19	14.2	17.49	0.1	7.08	12.83	0.04702	-1.84E-11
541	73.19	14.2	17.49	0.1	8.61	-17.44	0.11010	-5.36E-13
542	73.19	14.2	17.49	0.1	8.61	12.83	0.10334	-7.96E-12
543	73.19	14.2	17.49	0.16	7.08	-47.71	0.08999	-3.88E-12
544	73.19	14.2	17.49	0.16	7.08	-17.44	0.09005	-3.43E-12
545	73.19	14.2	17.49	0.16	8.61	-47.71	0.14746	1.49E-12
546	73.19	14.2	17.49	0.16	8.61	-17.44	0.15610	2.84E-13
547	73.19	14.2	17.49	0.16	8.61	12.83	0.16400	1.39E-12
549	73.19	14.2	17.49	0.05	5.54	12.83	0.10703	-3.10E-12
552	73.19	14.2	17.49	0.1	7.08	-47.71	0.05467	-6.32E-12
555	73.19	14.2	17.49	0.1	8.61	-47.71	0.11623	1.88E-12
562	73.19	14.2	17.49	0.16	10.14	-17.44	0.19784	6.66E-14
568	73.19	85.33	17.49	0.05	7.08	-17.44	0.08193	-3.35E-11
569	73.19	85.33	17.49	0.05	7.08	12.83	0.08399	-2.49E-11
570	73.19	85.33	17.49	0.1	7.08	-17.44	0.09716	-7.17E-12
576	73.19	85.33	17.49	0.1	7.08	12.83	0.09576	-1.09E-11
577	114.57	-128.07	17.49	0.21	10.14	-47.71	0.09955	3.41E-13
578	114.57	-128.07	17.49	0.26	10.14	-47.71	0.09480	-1.25E-12
580	114.57	-56.94	17.49	0.16	8.61	-47.71	0.09597	-5.99E-12
582	114.57	-56.94	17.49	0.16	10.14	-47.71	0.16945	-1.90E-12
583	114.57	-56.94	17.49	0.16	10.14	-17.44	0.16440	8.52E-12
584	114.57	-56.94	17.49	0.21	8.61	-47.71	0.04378	3.13E-12
585	114.57	-56.94	17.49	0.21	8.61	-17.44	0.03555	-2.76E-12
586	114.57	-56.94	17.49	0.21	10.14	-47.71	0.15880	-8.43E-13
587	114.57	-56.94	17.49	0.21	10.14	-17.44	0.17531	4.34E-12
591	114.57	14.2	17.49	0.1	8.61	-17.44	0.10643	3.29E-12
592	114.57	14.2	17.49	0.16	8.61	-47.71	0.12811	-1.03E-12
593	114.57	14.2	17.49	0.16	8.61	-17.44	0.13109	1.75E-12
594	114.57	14.2	17.49	0.16	10.14	-47.71	0.13014	-5.69E-12
595	114.57	14.2	17.49	0.16	10.14	-17.44	0.12674	-4.92E-13
596	31.8	-199.21	22.43	0.16	8.61	-47.71	0.22275	9.38E-13
598	31.8	-199.21	22.43	0.16	8.61	-17.44	0.21519	-1.68E-12
599	31.8	-199.21	22.43	0.16	10.14	-17.44	0.20407	2.49E-13
600	31.8	-199.21	22.43	0.21	10.14	-17.44	0.18046	-2.68E-12
601	31.8	-128.07	22.43	0.1	7.08	-47.71	0.20467	-1.90E-12
602	31.8	-128.07	22.43	0.1	7.08	-17.44	0.19893	-3.20E-12
603	31.8	-128.07	22.43	0.1	8.61	-17.44	0.07226	-1.46E-12
604	31.8	-128.07	22.43	0.16	8.61	-47.71	0.27908	-4.35E-12
605	31.8	-128.07	22.43	0.16	8.61	-17.44	-0.00072	-1.06E-11
607	31.8	-128.07	22.43	0.1	8.61	-47.71	0.07487	-8.33E-12
609	31.8	-128.07	22.43	0.16	10.14	-47.71	0.21468	-1.08E-12
610	31.8	-128.07	22.43	0.21	10.14	-47.71	0.15700	-3.89E-12
611	31.8	-128.07	22.43	0.21	10.14	-17.44	0.15980	2.39E-12
612	31.8	-128.07	22.43	0.1	7.08	12.83	0.19463	-2.59E-12
615	31.8	-128.07	22.43	0.16	10.14	-17.44	0.21668	2.88E-12
617	31.8	-56.94	22.43	0.1	7.08	-47.71	0.22425	-1.93E-13
618	31.8	-56.94	22.43	0.1	7.08	-17.44	0.23448	-3.16E-12
619	31.8	-56.94	22.43	0.05	7.08	-17.44	0.12015	1.74E-12
621	31.8	-56.94	22.43	0.1	8.61	-47.71	0.15413	-3.15E-12
622	31.8	-56.94	22.43	0.1	8.61	-17.44	0.15978	-4.33E-12
623	31.8	-56.94	22.43	0.16	7.08	-17.44	0.09367	4.48E-12
624	31.8	-56.94	22.43	0.16	8.61	-47.71	0.14514	2.93E-12
625	31.8	-56.94	22.43	0.16	8.61	-17.44	0.14877	1.66E-12
627	31.8	-56.94	22.43	0.1	7.08	12.83	0.24202	3.34E-12
630	31.8	-56.94	22.43	0.05	4.01	73.37	0.16099	-4.31E-12
631	31.8	14.2	22.43	0.1	7.08	-17.44	0.19139	2.20E-12
632	31.8	14.2	22.43	0.1	8.61	-47.71	0.08483	8.08E-14
633	31.8	14.2	22.43	0.05	5.54	-17.44	0.25798	-8.17E-12
634	31.8	14.2	22.43	0.05	5.54	12.83	0.25885	2.90E-12
635	31.8	14.2	22.43	0.05	7.08	-17.44	0.20844	-1.31E-12
636	31.8	14.2	22.43	0.05	7.08	12.83	0.20617	-4.34E-12
637	31.8	14.2	22.43	0.1	7.08	-47.71	0.19590	-1.27E-12
639	31.8	14.2	22.43	0.1	7.08	12.83	0.18792	9.16E-13
641	31.8	14.2	22.43	0.1	8.61	-17.44	0.08189	8.87E-13
642	31.8	14.2	22.43	0.16	8.61	-17.44	0.08068	5.52E-12
650	31.8	85.33	22.43	0.05	4.01	12.83	0.05516	-5.86E-12
653	31.8	85.33	22.43	0.05	7.08	12.83	0.11260	3.02E-12
654	31.8	85.33	22.43	0.05	7.08	43.1	0.11236	1.79E-12
655	31.8	85.33	22.43	0.05	7.08	73.37	0.11238	-7.95E-13
656	31.8	85.33	22.43	0.1	7.08	12.83	0.10644	1.74E-12
657	31.8	85.33	22.43	0.1	7.08	43.1	0.10249	-5.43E-12
658	31.8	85.33	22.43	0.1	7.08	73.37	0.09882	-1.63E-12
659	31.8	85.33	22.43	0.1	8.61	12.83	0.14794	-3.13E-12
662	31.8	85.33	22.43	0.1	7.08	-17.44	0.11396	-1.11E-11
664	31.8	156.47	22.43	0.05	5.54	12.83	0.07119	-6.62E-12
665	31.8	156.47	22.43	0.05	5.54	43.1	0.07085	-4.09E-12
666	31.8	156.47	22.43	0.05	5.54	73.37	0.07062	-4.73E-12
667	31.8	156.47	22.43	0.05	4.01	73.37	0.11255	-8.00E-12
668	31.8	156.47	22.43	0.05	4.01	103.65	0.11206	-1.01E-11
672	31.8	156.47	22.43	0.05	5.54	103.65	0.07057	-1.29E-11
675	73.19	-199.21	22.43	0.16	8.61	-17.44	0.13787	5.54E-12
676	73.19	-199.21	22.43	0.16	10.14	-17.44	0.21813	1.26E-13
677	73.19	-199.21	22.43	0.21	10.14	-17.44	0.23642	1.28E-12
678	73.19	-128.07	22.43	0.1	7.08	-47.71	0.07985	-3.67E-12
679	73.19	-128.07	22.43	0.1	8.61	-47.71	0.14854	-1.27E-12
680	73.19	-128.07	22.43	0.16	8.61	-47.71	0.20253	4.25E-12
681	73.19	-128.07	22.43	0.16	8.61	-17.44	0.19011	-1.86E-12
683	73.19	-128.07	22.43	0.1	7.08	-17.44	0.07506	-1.85E-12
684	73.19	-128.07	22.43	0.1	8.61	-17.44	0.15736	-3.69E-12
687	73.19	-128.07	22.43	0.16	10.14	-17.44	0.12311	-1.51E-12
688	73.19	-128.07	22.43	0.21	8.61	-47.71	0.06037	2.60E-12
689	73.19	-128.07	22.43	0.21	10.14	-17.44	0.13909	1.30E-12
693	73.19	-56.94	22.43	0.1	7.08	-47.71	0.13418	4.39E-13
694	73.19	-56.94	22.43	0.1	7.08	-17.44	0.13551	3.50E-12
695	73.19	-56.94	22.43	0.1	8.61	-47.71	0.08498	-1.77E-13
696	73.19	-56.94	22.43	0.1	8.61	-17.44	0.06493	1.27E-12
697	73.19	-56.94	22.43	0.16	7.08	-17.44	0.09545	-2.20E-13
698	73.19	-56.94	22.43	0.16	8.61	-47.71	0.19871	2.41E-12
699	73.19	-56.94	22.43	0.16	8.61	-17.44	0.19754	-4.25E-12
703	73.19	-56.94	22.43	0.16	10.14	-17.44	0.22128	2.83E-12
704	73.19	14.2	22.43	0.05	5.54	-17.44	0.12706	-6.63E-12
705	73.19	14.2	22.43	0.05	5.54	12.83	0.12870	-9.27E-12
706	73.19	14.2	22.43	0.05	7.08	-17.44	0.12813	-1.01E-11
707	73.19	14.2	22.43	0.05	7.08	12.83	0.13127	-7.82E-12
708	73.19	14.2	22.43	0.1	7.08	-47.71	0.13893	1.16E-11
709	73.19	14.2	22.43	0.1	7.08	-17.44	0.14492	-4.28E-12
710	73.19	14.2	22.43	0.1	7.08	12.83	0.14768	-4.33E-12
711	73.19	14.2	22.43	0.1	8.61	-47.71	0.09316	1.12E-12
712	73.19	14.2	22.43	0.1	8.61	-17.44	0.08578	6.86E-13
717	73.19	14.2	22.43	0.1	5.54	-17.44	0.09145	-2.85E-12
721	73.19	14.2	22.43	0.16	8.61	-17.44	0.16124	8.35E-14
722	73.19	85.33	22.43	0.1	7.08	12.83	0.12782	-7.51E-12
723	73.19	85.33	22.43	0.05	5.54	-17.44	0.12282	-1.30E-11
724	73.19	85.33	22.43	0.05	5.54	12.83	0.12657	-1.50E-11
727	73.19	85.33	22.43	0.05	7.08	-17.44	0.12933	-8.78E-12
728	73.19	85.33	22.43	0.05	7.08	12.83	0.12582	-8.98E-12
729	73.19	85.33	22.43	0.05	7.08	43.1	0.11977	-7.28E-12
730	73.19	85.33	22.43	0.1	7.08	-17.44	0.12297	5.35E-13
732	73.19	85.33	22.43	0.1	7.08	43.1	0.12872	4.00E-12
733	73.19	85.33	22.43	0.1	8.61	12.83	0.13975	-4.23E-12
739	114.57	-128.07	22.43	0.16	10.14	-17.44	0.15534	3.53E-12
740	114.57	-128.07	22.43	0.21	10.14	-17.44	0.04370	-6.25E-13
741	114.57	-56.94	22.43	0.16	8.61	-17.44	0.09235	2.84E-14
742	114.57	-56.94	22.43	0.16	10.14	-17.44	0.21777	8.45E-12
743	114.57	14.2	22.43	0.1	8.61	-17.44	0.12071	-3.46E-12
744	114.57	14.2	22.43	0.16	8.61	-17.44	0.12587	-2.85E-12
745	31.8	-199.21	27.37	0.1	7.08	12.83	0.33271	5.83E-13
746	31.8	-199.21	27.37	0.16	7.08	12.83	0.11624	1.48E-12
747	31.8	-199.21	27.37	0.16	8.61	12.83	0.07531	-4.88E-13
748	31.8	-128.07	27.37	0.1	8.61	-17.44	0.29594	-5.58E-13
749	31.8	-128.07	27.37	0.1	7.08	-17.44	0.23833	1.53E-12
751	31.8	-128.07	27.37	0.1	7.08	12.83	0.23684	-6.44E-13
752	31.8	-56.94	27.37	0.1	7.08	-17.44	0.15022	-4.64E-13
753	31.8	-56.94	27.37	0.1	8.61	-17.44	0.22180	1.37E-12
754	31.8	-56.94	27.37	0.16	8.61	-17.44	0.22032	1.59E-12
755	31.8	-56.94	27.37	0.05	5.54	-17.44	0.14756	-6.80E-12
756	31.8	-56.94	27.37	0.05	5.54	12.83	0.14802	-3.93E-12
757	31.8	-56.94	27.37	0.05	7.08	-17.44	0.16147	-7.00E-13
763	31.8	-56.94	27.37	0.1	5.54	-17.44	0.14447	-3.54E-12
764	31.8	-56.94	27.37	0.1	7.08	12.83	0.15210	-1.18E-12
765	31.8	14.2	27.37	0.05	5.54	-17.44	0.09006	-4.01E-13
766	31.8	14.2	27.37	0.05	5.54	12.83	0.08904	5.81E-12
767	31.8	14.2	27.37	0.05	7.08	-17.44	0.12609	1.13E-12
768	31.8	14.2	27.37	0.1	7.08	-17.44	0.18063	-4.92E-12
769	31.8	14.2	27.37	0.05	4.01	12.83	-0.00006	2.37E-10
773	31.8	14.2	27.37	0.05	7.08	12.83	0.12721	3.25E-12
774	31.8	14.2	27.37	0.1	5.54	12.83	0.20211	-2.95E-12
776	31.8	14.2	27.37	0.1	7.08	12.83	0.18513	-1.71E-12
777	31.8	14.2	27.37	0.1	8.61	-17.44	0.27348	-2.26E-12
778	31.8	14.2	27.37	0.1	8.61	12.83	0.28042	1.29E-12
779	31.8	14.2	27.37	0.16	8.61	-17.44	0.14829	-4.45E-12
781	31.8	14.2	27.37	0.05	4.01	43.1	0.05746	4.57E-12
786	31.8	14.2	27.37	0.05	7.08	43.1	0.12950	-5.26E-13
787	31.8	14.2	27.37	0.1	5.54	-17.44	0.20341	5.00E-13
788	31.8	14.2	27.37	0.1	7.08	-47.71	0.17318	-2.50E-12
794	31.8	14.2	27.37	0.16	8.61	12.83	0.15210	3.52E-12
795	31.8	14.2	27.37	0.16	8.61	43.1	0.16130	8.43E-13
798	31.8	14.2	27.37	0.05	5.54	43.1	0.08992	-6.95E-12
802	31.8	14.2	27.37	0.1	5.54	43.1	0.20033	-1.57E-12
805	31.8	14.2	27.37	0.1	7.08	43.1	0.18454	-8.02E-13
808	31.8	14.2	27.37	0.1	10.14	12.83	0.33499	-4.11E-12
809	31.8	14.2	27.37	0.16	10.14	12.83	0.27160	-5.23E-12
810	31.8	85.33	27.37	0.05	7.08	12.83	0.12221	-3.28E-12
812	31.8	85.33	27.37	0.05	4.01	12.83	0.07057	5.38E-12
813	31.8	85.33	27.37	0.05	4.01	43.1	0.07006	8.22E-12
814	31.8	85.33	27.37	0.05	5.54	12.83	-0.00003	1.30E-10
815	31.8	85.33	27.37	0.05	7.08	-17.44	0.11673	4.88E-12
820	31.8	85.33	27.37	0.05	5.54	43.1	0.10316	-4.62E-12
821	31.8	85.33	27.37	0.05	5.54	73.37	0.10285	-2.47E-12
824	31.8	85.33	27.37	0.1	5.54	12.83	0.11034	-8.62E-12
825	31.8	85.33	27.37	0.1	7.08	-17.44	0.23618	-2.99E-12
826	31.8	85.33	27.37	0.1	7.08	12.83	0.24035	1.42E-12
827	31.8	85.33	27.37	0.1	8.61	-17.44	0.16812	5.71E-13
828	31.8	85.33	27.37	0.1	8.61	12.83	0.17049	4.07E-12
829	31.8	85.33	27.37	0.16	7.08	-17.44	0.07625	-2.34E-12
831	31.8	85.33	27.37	0.05	4.01	-17.44	0.07357	5.75E-12
834	31.8	85.33	27.37	0.05	5.54	-17.44	0.10637	-2.02E-12
837	31.8	85.33	27.37	0.05	5.54	103.65	0.10247	-1.02E-11
840	31.8	85.33	27.37	0.05	7.08	43.1	0.12727	-2.04E-12
841	31.8	85.33	27.37	0.05	7.08	73.37	0.13178	-3.08E-12
842	31.8	85.33	27.37	0.05	7.08	103.65	0.13606	-1.94E-12
846	31.8	85.33	27.37	0.1	7.08	43.1	0.23991	1.38E-12
847	31.8	85.33	27.37	0.1	7.08	73.37	0.23979	-2.24E-12
850	31.8	85.33	27.37	0.1	8.61	43.1	0.17476	-3.36E-13
851	31.8	85.33	27.37	0.16	7.08	43.1	0.07246	-6.63E-13
852	31.8	85.33	27.37	0.16	8.61	43.1	0.30308	-4.74E-13
861	31.8	85.33	27.37	0.1	10.14	12.83	0.28087	-2.06E-12
863	31.8	85.33	27.37	0.16	8.61	12.83	0.29882	-1.45E-12
865	31.8	156.47	27.37	0.05	4.01	43.1	0.07652	1.28E-11
866	31.8	156.47	27.37	0.05	5.54	12.83	0.07563	-1.29E-12
867	31.8	156.47	27.37	0.05	5.54	43.1	0.07719	-3.76E-12
868	31.8	156.47	27.37	0.05	5.54	73.37	0.07798	-1.33E-12
869	31.8	156.47	27.37	0.05	5.54	103.65	0.07881	6.08E-13
875	31.8	156.47	27.37	0.05	7.08	43.1	0.16268	-2.73E-12
876	31.8	156.47	27.37	0.05	7.08	73.37	0.15862	-9.06E-14
877	31.8	156.47	27.37	0.05	7.08	103.65	0.15494	7.44E-13
878	73.19	14.2	27.37	0.05	5.54	12.83	0.08521	-1.84E-12
879	73.19	14.2	27.37	0.05	7.08	12.83	0.15629	-1.04E-12
880	73.19	14.2	27.37	0.1	7.08	12.83	0.13030	-4.58E-12
881	73.19	14.2	27.37	0.1	8.61	-17.44	0.10792	-5.28E-12
882	73.19	14.2	27.37	0.1	8.61	12.83	0.11131	4.28E-13
883	73.19	14.2	27.37	0.05	5.54	-17.44	0.08360	5.32E-12
885	73.19	14.2	27.37	0.05	5.54	43.1	0.08973	7.43E-12
886	73.19	14.2	27.37	0.05	7.08	-17.44	0.15622	1.83E-12
888	73.19	14.2	27.37	0.05	7.08	43.1	0.15733	-4.94E-12
889	73.19	14.2	27.37	0.1	5.54	-17.44	0.12809	5.62E-12
890	73.19	14.2	27.37	0.1	7.08	-17.44	0.13277	2.67E-13
892	73.19	14.2	27.37	0.1	7.08	43.1	0.12332	6.14E-12
902	73.19	85.33	27.37	0.05	5.54	12.83	0.11030	1.80E-11
903	73.19	85.33	27.37	0.05	7.08	-17.44	0.16617	1.16E-12
904	73.19	85.33	27.37	0.05	7.08	12.83	0.16559	-8.83E-12
905	73.19	85.33	27.37	0.1	7.08	12.83	0.16749	-2.84E-12
906	73.19	85.33	27.37	0.1	7.08	43.1	0.17179	-5.15E-13
907	73.19	85.33	27.37	0.1	8.61	12.83	0.13634	-7.14E-12
909	73.19	85.33	27.37	0.05	5.54	43.1	0.11246	1.69E-11
910	73.19	85.33	27.37	0.05	5.54	73.37	0.11410	4.41E-12
913	73.19	85.33	27.37	0.05	7.08	43.1	0.16382	7.66E-13
914	73.19	85.33	27.37	0.05	7.08	73.37	0.16138	-7.31E-12
915	73.19	85.33	27.37	0.05	7.08	103.65	0.15898	5.23E-13
916	73.19	85.33	27.37	0.1	7.08	-17.44	0.16046	-4.83E-12
919	73.19	85.33	27.37	0.1	7.08	73.37	0.17532	-4.03E-12
920	73.19	85.33	27.37	0.1	8.61	-17.44	0.14564	2.51E-13